time  pf_annot_hits  pf_time_us  preempts  stolenpct  txpkt  schedtimepct       p_rx_ooo  migratedpct  softirqs  cpu_idle_time  sched_idle_us  parks  txbytes  rxbytes  sched_idle_per   rxpkt  rescheds  cpupct         stolenirqpct  pf_posted  p_reorder_time  localschedpct  pf_failed  pf_returned  drops  sched_time_us
0     148664         0           0         0          0      0.0037864733003    0         0            179       167            0              0      0        0        0.0              0      239355    441.18809608   0             116488     0               100            0          116490       0      167
1     484060         0           0         0          0      0.105008985852     0         0            849       3182           2848           0      0        0        0.0939930171944  0      248483    303.082019143  0             131381     0               100            0          131503       0      3182
2     1129678        0           0         0          0      0.000101369891675  0         0            0         3              0              0      0        0        0.0              0      158487    301.970891978  0             94552      0               100            0          94549        0      3
3     1252621        0           0         0          0      0                  0         0            0         0              0              0      0        0        0                0      152651    0.0            0             90545      0               100            0          90548        0      0
4     1148837        0           0         0          0      4.27999493817e-05  0         0            2         3              0              0      0        0        0.0              0      125285    928.829935005  0             73860      0               100            0          73862        0      3
5     1277208        0           0         0          0      0                  0         0            0         0              0              0      0        0        0                0      136418    0.0            0             80225      0               100            0          80220        0      0
6     1268900        0           0         0          0      0                  0         0            0         0              0              0      0        0        0                0      139663    0.0            0             82232      0               100            0          82232        0      0
7     1234115        0           0         0          0      4.11524785922e-05  0         0            4         3              0              0      0        0        0.0              0      131703    827.790565998  0             77270      0               100            0          77274        0      3
8     1280106        0           0         0          0      0                  0         0            0         0              0              0      0        0        0                0      138200    0.0            0             81389      0               100            0          81385        0      0
9     1208643        0           0         0          0      3.18331325061e-05  0         0            0         2              0              0      0        0        0.0              0      100751    913.491853054  0             58659      0               100            0          58663        0      2
10    1293465        0           0         0          0      0                  0         0            0         0              0              0      0        0        0                0      131240    0.0            0             77003      0               100            0          76998        0      0
11    1258662        0           0         0          0      2.34325508022e-05  0         0            0         1              0              0      0        0        0.0              0      131830    835.22954722   0             77614      0               100            0          77619        0      1
12    1263780        0           0         0          0      0                  0         0            0         0              0              0      0        0        0                0      135788    0.0            0             79864      0               100            0          79862        0      0
13    1147583        0           0         0          0      0                  0         0            0         0              0              0      0        0        0                0      122952    0.0            0             72931      0               100            0          72933        0      0
14    1268380        0           0         0          0      0                  0         0            0         0              0              0      0        0        0                0      141999    0.0            0             83726      0               100            0          83726        0      0
15    1264929        0           0         0          0      0                  0         0            0         0              0              0      0        0        0                0      143460    0.0            0             84668      0               100            0          84667        0      0
16    1238784        0           0         0          0      3.29328044406e-05  0         0            3         6              0              0      0        0        0.0              0      125577    1942.02241167  0             74727      0               100            0          74728        0      6
17    1273425        0           0         0          0      3.05280444662e-05  0         0            0         2              0              0      0        0        0.0              0      135967    748.000894166  0             80564      0               100            0          80442        0      2
18    1159414        0           0         0          0      0                  0         0            0         0              0              0      0        0        0                0      118423    0.0            0             70380      0               100            0          70505        0      0
19    1268850        0           0         0          0      0                  0         0            0         0              0              0      0        0        0                0      141496    0.0            0             83537      0               100            0          83527        0      0
20    1246033        0           0         0          0      3.33209741931e-05  0         0            0         2              0              0      0        0        0.0              0      128662    725.246113127  0             75732      0               100            0          75736        0      2
21    1267052        0           0         0          0      0                  0         0            0         0              0              0      0        0        0                0      142503    0.0            0             84161      0               100            0          84165        0      0
22    1150179        0           0         0          0      2.73585815042e-05  0         0            0         2              0              0      0        0        0.0              0      119972    948.275853418  0             70834      0               100            0          70830        0      2
23    1266514        0           0         0          0      0                  0         0            0         0              0              0      0        0        0                0      143025    0.0            0             84428      0               100            0          84431        0      0
24    1221878        0           0         0          0      3.63708340966e-05  0         0            1         2              0              0      0        0        0.0              0      135970    741.124953418  0             80416      0               100            0          80416        0      2
25    1264524        0           0         0          0      0                  0         0            0         0              0              0      0        0        0                0      141840    0.0            0             83984      0               100            0          83984        0      0
26    1136804        0           0         0          0      1.19065250762e-05  0         0            0         0              0              0      0        0        0.0              0      126171    169.200099909  0             74507      0               100            0          74505        0      0
27    1251583        0           0         0          0      0                  0         0            0         0              0              0      0        0        0                0      147808    0.0            0             87533      0               100            0          87538        0      0
28    1216305        0           0         0          0      2.07719377699e-05  0         0            1         3              0              0      0        0        0.0              0      142529    1725.12037046  0             84431      0               100            0          84428        0      3
29    1247368        0           0         0          0      0                  0         0            0         0              0              0      0        0        0                0      147068    0.0            0             87634      0               100            0          87633        0      0
30    1144365        0           0         0          0      4.09462047137e-05  0         0            0         2              0              0      0        0        0.0              0      115221    674.785365816  0             68113      0               100            0          68110        0      2
