n_faults_r  n_faults_w  n_net_page_in  n_net_page_out  n_madvise  n_rw_fault_q  n_page_dirty  n_faults_wp  n_evictions  n_afaults_r  n_afaults_w  n_afaults  malloc_size  mem_pressure  madvise_size  time  n_faults
3771.0      0.0         3771.0         3744.0          3744.0     0.0           3744.0        0.0          3744.0       3711.0       0.0          3711.0     8589950976   5939990528    0             1     3771.0
3032.0      0.0         3032.0         3040.0          3040.0     0.0           3040.0        0.0          3040.0       2980.0       0.0          2980.0     8589950976   5939957760    0             2     3032.0
1099.0      0.0         1099.0         1120.0          1120.0     0.0           1120.0        0.0          1120.0       1083.0       0.0          1083.0     8589950976   5939871744    0             3     1099.0
943.0       0.0         943.0          928.0           928.0      0.0           928.0         0.0          928.0        932.0        0.0          932.0      8589950976   5939933184    0             4     943.0
960.0       0.0         960.0          960.0           960.0      0.0           960.0         0.0          960.0        935.0        0.0          936.0      8589950976   5939933184    0             5     960.0
891.0       0.0         891.0          896.0           896.0      0.0           896.0         0.0          896.0        879.0        0.0          879.0      8589950976   5939912704    0             6     891.0
953.0       0.0         953.0          960.0           960.0      0.0           960.0         0.0          960.0        940.0        0.0          940.0      8589950976   5939884032    0             7     953.0
949.0       0.0         949.0          928.0           928.0      0.0           928.0         0.0          928.0        938.0        0.0          939.0      8589950976   5939970048    0             8     949.0
879.0       0.0         879.0          896.0           896.0      0.0           896.0         0.0          896.0        869.0        0.0          869.0      8589950976   5939900416    0             9     879.0
869.0       0.0         869.0          864.0           864.0      0.0           864.0         0.0          864.0        855.0        0.0          855.0      8589950976   5939920896    0             10    869.0
848.0       0.0         848.0          832.0           832.0      0.0           832.0         0.0          832.0        836.0        0.0          836.0      8589950976   5939986432    0             11    848.0
833.0       0.0         833.0          832.0           832.0      0.0           832.0         0.0          832.0        816.0        0.0          817.0      8589950976   5939990528    0             12    833.0
870.0       0.0         870.0          896.0           896.0      0.0           896.0         0.0          896.0        856.0        0.0          856.0      8589950976   5939884032    0             13    870.0
916.0       0.0         916.0          896.0           896.0      0.0           896.0         0.0          896.0        903.0        0.0          903.0      8589950976   5939965952    0             14    916.0
884.0       0.0         884.0          896.0           896.0      0.0           896.0         0.0          896.0        870.0        0.0          870.0      8589950976   5939916800    0             15    884.0
900.0       0.0         900.0          896.0           896.0      0.0           896.0         0.0          896.0        885.0        0.0          885.0      8589950976   5939933184    0             16    900.0
881.0       0.0         881.0          896.0           896.0      0.0           896.0         0.0          896.0        863.0        0.0          863.0      8589950976   5939871744    0             17    881.0
860.0       0.0         860.0          832.0           832.0      0.0           832.0         0.0          832.0        845.0        0.0          845.0      8589950976   5939986432    0             18    860.0
949.0       0.0         949.0          960.0           960.0      0.0           960.0         0.0          960.0        933.0        0.0          933.0      8589950976   5939941376    0             19    949.0
881.0       0.0         881.0          896.0           896.0      0.0           896.0         0.0          896.0        859.0        0.0          859.0      8589950976   5939879936    0             20    881.0
877.0       0.0         877.0          864.0           864.0      0.0           864.0         0.0          864.0        869.0        0.0          869.0      8589950976   5939933184    0             21    877.0
872.0       0.0         872.0          864.0           864.0      0.0           864.0         0.0          864.0        855.0        0.0          855.0      8589950976   5939965952    0             22    872.0
871.0       0.0         871.0          864.0           864.0      0.0           864.0         0.0          864.0        855.0        0.0          855.0      8589950976   5939994624    0             23    871.0
884.0       0.0         884.0          896.0           896.0      0.0           896.0         0.0          896.0        864.0        0.0          864.0      8589950976   5939945472    0             24    884.0
880.0       0.0         880.0          896.0           896.0      0.0           896.0         0.0          896.0        868.0        0.0          868.0      8589950976   5939879936    0             25    880.0
818.0       0.0         818.0          800.0           800.0      0.0           800.0         0.0          800.0        802.0        0.0          802.0      8589950976   5939953664    0             26    818.0
870.0       0.0         870.0          864.0           864.0      0.0           864.0         0.0          864.0        858.0        0.0          859.0      8589950976   5939978240    0             27    870.0
888.0       0.0         888.0          896.0           896.0      0.0           896.0         0.0          896.0        875.0        0.0          876.0      8589950976   5939945472    0             28    888.0
913.0       0.0         913.0          928.0           928.0      0.0           928.0         0.0          928.0        898.0        0.0          898.0      8589950976   5939884032    0             29    913.0
880.0       0.0         880.0          864.0           864.0      0.0           864.0         0.0          864.0        867.0        0.0          867.0      8589950976   5939949568    0             30    880.0
900.0       0.0         900.0          896.0           896.0      0.0           896.0         0.0          896.0        887.0        0.0          888.0      8589950976   5939965952    0             31    900.0
