n_faults_r  n_faults_w  n_net_page_in  n_net_page_out  n_madvise  n_rw_fault_q  n_page_dirty  n_faults_wp  n_evictions  n_afaults_r  n_afaults_w  n_afaults  malloc_size  mem_pressure  madvise_size  time  n_faults
68459.0     0.0         68458.0        0.0             68455.0    1.0           0.0           0.0          68455.0      0.0          0.0          0.0        8589950976   5939961856    0             1     68459.0
33198.0     0.0         33198.0        0.0             33214.0    1.0           0.0           0.0          33214.0      0.0          0.0          0.0        8589950976   5939892224    0             2     33198.0
25477.0     0.0         25477.0        0.0             25472.0    0.0           0.0           0.0          25472.0      0.0          0.0          0.0        8589950976   5939912704    0             3     25477.0
23690.0     0.0         23689.0        0.0             23696.0    0.0           0.0           0.0          23696.0      0.0          0.0          0.0        8589950976   5939888128    0             4     23690.0
22734.0     0.0         22734.0        0.0             22724.0    0.0           0.0           0.0          22723.0      0.0          0.0          0.0        8589950976   5939933184    0             5     22734.0
21932.0     0.0         21933.0        0.0             21930.0    0.0           0.0           0.0          21930.0      0.0          0.0          0.0        8589950976   5939941376    0             6     21932.0
21361.0     0.0         21361.0        0.0             21365.0    0.0           0.0           0.0          21366.0      0.0          0.0          0.0        8589950976   5939920896    0             7     21361.0
20665.0     0.0         20664.0        0.0             20652.0    0.0           0.0           0.0          20652.0      0.0          0.0          0.0        8589950976   5939974144    0             8     20665.0
21054.0     0.0         21055.0        0.0             21066.0    0.0           0.0           0.0          21066.0      0.0          0.0          0.0        8589950976   5939924992    0             9     21054.0
20561.0     0.0         20561.0        0.0             20552.0    0.0           0.0           0.0          20552.0      0.0          0.0          0.0        8589950976   5939961856    0             10    20561.0
20761.0     0.0         20761.0        0.0             20779.0    0.0           0.0           0.0          20779.0      0.0          0.0          0.0        8589950976   5939888128    0             11    20761.0
20549.0     0.0         20549.0        0.0             20527.0    0.0           0.0           0.0          20527.0      0.0          0.0          0.0        8589950976   5939978240    0             12    20549.0
20401.0     0.0         20400.0        0.0             20396.0    1.0           0.0           0.0          20396.0      0.0          0.0          0.0        8589950976   5939994624    0             13    20401.0
20106.0     0.0         20106.0        0.0             20111.0    0.0           0.0           0.0          20111.0      0.0          0.0          0.0        8589950976   5939974144    0             14    20106.0
20244.0     1.0         20245.0        3.0             20266.0    0.0           4.0           5.0          20266.0      0.0          0.0          0.0        8589950976   5939888128    0             15    20245.0
22762.0     0.0         22761.0        0.0             22752.0    1.0           0.0           0.0          22752.0      0.0          0.0          0.0        8589950976   5939924992    0             16    22762.0
25481.0     0.0         25479.0        0.0             25472.0    2.0           0.0           0.0          25472.0      0.0          0.0          0.0        8589950976   5939953664    0             17    25481.0
27670.0     0.0         27669.0        0.0             27667.0    1.0           0.0           0.0          27667.0      0.0          0.0          0.0        8589950976   5939961856    0             18    27670.0
29166.0     0.0         29164.0        0.0             29165.0    2.0           0.0           0.0          29165.0      0.0          0.0          0.0        8589950976   5939957760    0             19    29166.0
30320.0     0.0         30320.0        0.0             30336.0    0.0           0.0           0.0          30336.0      0.0          0.0          0.0        8589950976   5939892224    0             20    30320.0
31716.0     0.0         31709.0        0.0             31686.0    2.0           0.0           0.0          31685.0      0.0          0.0          0.0        8589950976   5940011008    0             21    31716.0
33040.0     0.0         33044.0        0.0             33050.0    1.0           0.0           0.0          33051.0      0.0          0.0          0.0        8589950976   5939961856    0             22    33040.0
33828.0     0.0         33817.0        0.0             33824.0    0.0           0.0           0.0          33824.0      0.0          0.0          0.0        8589950976   5939978240    0             23    33828.0
34351.0     0.0         34356.0        0.0             34368.0    5.0           0.0           0.0          34368.0      0.0          0.0          0.0        8589950976   5939888128    0             24    34351.0
35504.0     0.0         35504.0        0.0             35488.0    1.0           0.0           0.0          35488.0      0.0          0.0          0.0        8589950976   5939949568    0             25    35504.0
36114.0     0.0         36113.0        0.0             36117.0    1.0           0.0           0.0          36117.0      0.0          0.0          0.0        8589950976   5939933184    0             26    36114.0
36959.0     0.0         36958.0        0.0             36971.0    1.0           0.0           0.0          36971.0      0.0          0.0          0.0        8589950976   5939879936    0             27    36959.0
37233.0     0.0         37231.0        0.0             37216.0    2.0           0.0           0.0          37216.0      0.0          0.0          0.0        8589950976   5939941376    0             28    37233.0
37439.0     0.0         37439.0        0.0             37440.0    0.0           0.0           0.0          37440.0      0.0          0.0          0.0        8589950976   5939937280    0             29    37439.0
38476.0     0.0         38474.0        0.0             38464.0    2.0           0.0           0.0          38464.0      0.0          0.0          0.0        8589950976   5939978240    0             30    38476.0
38347.0     0.0         38343.0        0.0             38351.0    4.0           0.0           0.0          38350.0      0.0          0.0          0.0        8589950976   5939949568    0             31    38347.0
