Exp,Backend,PFType,CPU,Threads,Local_MB,ZipfS,Runtime,Xput,XputPerCore,Faults,ReadPF,ReadAPF,WritePF,WPFaults,Locks,Desc
run-05-10-00-50-27,kona,SYNC,2,2,1500,0.1,30,44297,22148,93464,93464,92889,0,0,3356,
run-05-10-00-54-04,kona,SYNC,2,2,2000,0.1,30,48376,24188,91893,91893,91309,0,0,3356,
run-05-10-00-57-09,kona,SYNC,2,2,2500,0.1,30,53511,26755,87577,87577,86997,0,0,3356,
run-05-10-00-59-43,kona,SYNC,2,2,3000,0.1,30,61231,30615,83419,83419,82831,0,0,3356,
run-05-10-01-02-08,kona,SYNC,2,2,3500,0.1,30,70971,35485,80718,80718,80150,0,0,3356,
run-05-10-01-04-32,kona,SYNC,2,2,4000,0.1,30,86505,43252,74867,74867,74290,0,0,3356,
run-05-10-01-06-56,kona,SYNC,2,2,4500,0.1,30,111394,55697,73618,73618,73017,0,0,3356,
run-05-10-01-09-21,kona,SYNC,2,2,5000,0.1,30,160327,80163,71161,71161,70601,0,0,3356,
run-05-10-01-11-45,kona,SYNC,2,2,5500,0.1,30,230212,115106,58492,58492,58113,0,0,3356,
run-05-10-01-14-09,kona,SYNC,2,2,6000,0.1,30,473942,236971,16200,16200,16150,0,0,3356,
