Exp,Backend,PFType,CPU,Threads,Local_MB,ZipfS,Runtime,Xput,XputPerCore,Faults,ReadPF,ReadAPF,WritePF,WPFaults,Locks,Desc
run-05-10-09-44-39,kona,ASYNC,1,60,1500,0.1,29,113259,113259,152145,152145,151320,0,0,3356,
run-05-10-09-48-54,kona,ASYNC,1,60,2000,0.1,30,124674,124674,143921,143921,143128,0,0,3356,
run-05-10-09-52-30,kona,ASYNC,1,60,2500,0.1,30,135538,135538,131575,131575,130858,0,0,3356,
run-05-10-09-55-28,kona,ASYNC,1,60,3000,0.1,30,219709,219709,121835,121835,121186,0,0,3356,
run-05-10-09-58-09,kona,ASYNC,1,60,3500,0.1,30,220964,220964,115547,115547,114927,0,0,3356,
run-05-10-10-00-51,kona,ASYNC,1,60,4000,0.1,30,274989,274989,104607,104607,103992,0,0,3356,
run-05-10-10-03-32,kona,ASYNC,1,60,4500,0.1,30,281438,281438,101008,101008,100356,0,0,3356,
run-05-10-10-06-13,kona,ASYNC,1,60,5000,0.1,30,304077,304077,86188,86188,85634,0,0,3356,
run-05-10-10-08-54,kona,ASYNC,1,60,5500,0.1,30,343134,343134,59470,59470,59093,0,0,3356,
run-05-10-10-11-36,kona,ASYNC,1,60,6000,0.1,30,415031,415031,28189,28189,28185,0,0,3356,
