Exp,Backend,PFType,CPU,Threads,Local_MB,ZipfS,Runtime,Xput,XputPerCore,Faults,ReadPF,ReadAPF,WritePF,WPFaults,Locks,Desc
run-05-10-02-09-56,kona,SYNC,3,3,1500,0.1,30,55288,18429,119996,119996,119249,0,0,3356,
run-05-10-02-13-32,kona,SYNC,3,3,2000,0.1,30,59844,19948,111375,111375,110662,0,0,3356,
run-05-10-02-16-35,kona,SYNC,3,3,2500,0.1,30,65856,21952,105852,105852,105154,0,0,3356,
run-05-10-02-19-08,kona,SYNC,3,3,3000,0.1,30,74128,24709,101917,101917,101212,0,0,3356,
run-05-10-02-21-30,kona,SYNC,3,3,3500,0.1,30,83576,27858,95499,95499,94862,0,0,3356,
run-05-10-02-23-52,kona,SYNC,3,3,4000,0.1,30,100356,33452,92091,92091,91447,0,0,3356,
run-05-10-02-26-14,kona,SYNC,3,3,4500,0.1,30,134439,44813,91229,91229,90547,0,0,3356,
run-05-10-02-28-37,kona,SYNC,3,3,5000,0.1,30,190655,63551,85723,85723,85036,0,0,3356,
run-05-10-02-30-59,kona,SYNC,3,3,5500,0.1,30,342189,114063,79740,79740,79124,0,0,3356,
run-05-10-02-33-21,kona,SYNC,3,3,6000,0.1,30,837777,279259,22567,22567,22474,0,0,3356,
