Exp,Backend,PFType,CPU,Threads,Local_MB,ZipfS,Runtime,Xput,XputPerCore,Faults,ReadPF,ReadAPF,WritePF,WPFaults,Locks,Desc
run-05-10-00-23-52,kona,none,2,2,1500,0.1,30,42483,21241,91166,91166,0,0,0,3356,
run-05-10-00-27-28,kona,none,2,2,2000,0.1,30,47138,23569,90544,90544,0,0,0,3356,
run-05-10-00-30-33,kona,none,2,2,2500,0.1,30,52528,26264,86336,86336,0,0,0,3356,
run-05-10-00-33-07,kona,none,2,2,3000,0.1,30,59998,29999,84645,84645,0,0,0,3356,
run-05-10-00-35-31,kona,none,2,2,3500,0.1,30,70122,35061,79243,79243,0,0,0,3356,
run-05-10-00-37-56,kona,none,2,2,4000,0.1,30,85474,42737,74213,74213,0,0,0,3356,
run-05-10-00-40-20,kona,none,2,2,4500,0.1,30,111109,55554,73811,73811,0,0,0,3356,
run-05-10-00-42-45,kona,none,2,2,5000,0.1,30,151805,75902,69638,69638,0,0,0,3356,
run-05-10-00-45-09,kona,none,2,2,5500,0.1,30,224513,112256,56805,56805,0,0,0,3356,
run-05-10-00-47-33,kona,none,2,2,6000,0.1,30,482103,241051,16220,16220,0,0,0,3356,
