Exp,Backend,PFType,CPU,Threads,Local_MB,ZipfS,Runtime,Xput,XputPerCore,Faults,ReadPF,ReadAPF,WritePF,WPFaults,Locks,Desc
run-05-12-09-20-41,kona,ASYNC,3,300,1500,1,30,370987,123662,138091,138090,137293,1,0,3356,
run-05-12-09-25-16,kona,ASYNC,3,300,2000,1,30,431076,143692,135425,135425,134713,0,0,3356,
run-05-12-09-29-18,kona,ASYNC,3,300,2500,1,30,431980,143993,123235,123235,122559,0,0,3356,
run-05-12-09-32-50,kona,ASYNC,3,300,3000,1,30,487534,162511,122215,122215,121514,0,0,3356,
run-05-12-09-36-12,kona,ASYNC,3,300,3500,1,30,579624,193208,119868,119868,119192,0,0,3356,
run-05-12-09-39-34,kona,ASYNC,3,300,4000,1,30,668076,222692,113064,113064,112453,0,0,3356,
run-05-12-09-42-56,kona,ASYNC,3,300,4500,1,30,877636,292545,83244,83244,82770,0,0,3356,
run-05-12-09-46-18,kona,ASYNC,3,300,5000,1,30,879701,293233,76151,76151,75772,0,0,3356,
run-05-12-09-49-40,kona,ASYNC,3,300,5500,1,30,938182,312727,49016,49016,48701,0,0,3356,
run-05-12-09-53-02,kona,ASYNC,3,300,6000,1,30,1044914,348304,28327,28327,28325,0,0,3356,
