Exp,Backend,PFType,CPU,Threads,Local_MB,ZipfS,Runtime,Xput,XputPerCore,Faults,ReadPF,ReadAPF,WritePF,WPFaults,Locks,Desc
run-05-12-06-03-40,kona,none,1,100,1500,1,60,83478,83478,46698,46698,0,0,0,3356,
run-05-12-06-08-41,kona,none,1,100,2000,1,60,100091,100091,44894,44894,0,0,0,3356,
run-05-12-06-13-04,kona,none,1,100,2500,1,60,109964,109964,43212,43212,0,0,0,3356,
run-05-12-06-16-48,kona,none,1,100,3000,1,60,128670,128670,40812,40812,0,0,0,3356,
run-05-12-06-20-15,kona,none,1,100,3500,1,57,160848,160848,37120,37120,0,0,0,3356,
run-05-12-06-23-40,kona,none,1,100,4000,1,59,173108,173108,35864,35864,0,0,0,3356,
run-05-12-06-27-06,kona,none,1,100,4500,1,57,211368,211368,31177,31177,0,0,0,3356,
run-05-12-06-30-30,kona,none,1,100,5000,1,50,276945,276945,23873,23873,0,0,0,3356,
run-05-12-06-33-48,kona,none,1,100,5500,1,49,304459,304459,20683,20683,0,0,0,3356,
run-05-12-06-37-04,kona,none,1,100,6000,1,44,345886,345886,17361,17361,0,0,0,3356,
