Exp,Backend,PFType,CPU,Threads,Local_MB,ZipfS,Runtime,Xput,XputPerCore,Faults,ReadPF,ReadAPF,WritePF,WPFaults,Locks,Desc
run-05-10-01-43-39,kona,none,3,3,1500,0.1,30,50075,16691,107165,107165,0,0,0,3356,
run-05-10-01-47-15,kona,none,3,3,2000,0.1,30,55244,18414,107093,107093,0,0,0,3356,
run-05-10-01-50-18,kona,none,3,3,2500,0.1,30,61437,20479,100574,100574,0,0,0,3356,
run-05-10-01-52-51,kona,none,3,3,3000,0.1,30,70495,23498,96860,96860,0,0,0,3356,
run-05-10-01-55-13,kona,none,3,3,3500,0.1,30,81100,27033,93051,93051,0,0,0,3356,
run-05-10-01-57-35,kona,none,3,3,4000,0.1,30,98786,32928,90334,90334,0,0,0,3356,
run-05-10-01-59-58,kona,none,3,3,4500,0.1,30,130871,43623,88667,88667,0,0,0,3356,
run-05-10-02-02-20,kona,none,3,3,5000,0.1,30,190552,63517,86309,86309,0,0,0,3356,
run-05-10-02-04-42,kona,none,3,3,5500,0.1,30,334058,111352,78594,78594,0,0,0,3356,
run-05-10-02-07-04,kona,none,3,3,6000,0.1,30,831271,277090,22521,22521,0,0,0,3356,
