Exp,Backend,PFType,CPU,Threads,Local_MB,ZipfS,Runtime,Xput,XputPerCore,Faults,ReadPF,ReadAPF,WritePF,WPFaults,Locks,Desc
run-05-10-03-02-30,kona,none,4,4,1500,0.1,30,50572,12643,108701,108701,0,0,0,3356,
run-05-10-03-06-04,kona,none,4,4,2000,0.1,30,55629,13907,103344,103344,0,0,0,3356,
run-05-10-03-09-07,kona,none,4,4,2500,0.1,30,61738,15434,100002,100002,0,0,0,3356,
run-05-10-03-11-39,kona,none,4,4,3000,0.1,30,71451,17862,98732,98732,0,0,0,3356,
run-05-10-03-14-00,kona,none,4,4,3500,0.1,30,82877,20719,95651,95651,0,0,0,3356,
run-05-10-03-16-22,kona,none,4,4,4000,0.1,0,,0,0,0,0,0,0,-,
run-05-10-03-17-05,kona,none,4,4,4500,0.1,30,138515,34628,94983,94983,0,0,0,3356,
run-05-10-03-19-26,kona,none,4,4,5000,0.1,30,204483,51120,93624,93624,0,0,0,3356,
run-05-10-03-21-48,kona,none,4,4,5500,0.1,30,370950,92737,86248,86248,0,0,0,3356,
run-05-10-03-24-09,kona,none,4,4,6000,0.1,30,973159,243289,25546,25546,0,0,0,3356,
