Exp,Backend,PFType,CPU,Threads,Local_MB,ZipfS,Runtime,Xput,XputPerCore,Faults,ReadPF,ReadAPF,WritePF,WPFaults,Locks,Desc
run-05-10-04-41-09,kona,SYNC,5,5,1500,0.1,30,52817,10563,115530,115530,114803,0,0,3356,
run-05-10-04-44-44,kona,SYNC,5,5,2000,0.1,30,57540,11508,106375,106375,105710,0,0,3356,
run-05-10-04-47-48,kona,SYNC,5,5,2500,0.1,30,63304,12660,102874,102874,102230,0,0,3356,
run-05-10-04-50-21,kona,SYNC,5,5,3000,0.1,30,71892,14378,98327,98327,97658,0,0,3356,
run-05-10-04-52-42,kona,SYNC,5,5,3500,0.1,30,83227,16645,95135,95135,94511,0,0,3356,
run-05-10-04-55-04,kona,SYNC,5,5,4000,0.1,30,107125,21425,96543,96543,95895,0,0,3356,
run-05-10-04-57-25,kona,SYNC,5,5,4500,0.1,30,145622,29124,98532,98532,97852,0,0,3356,
run-05-10-04-59-47,kona,SYNC,5,5,5000,0.1,30,220040,44008,98460,98460,97746,0,0,3356,
run-05-10-05-02-08,kona,SYNC,5,5,5500,0.1,30,407158,81431,96344,96344,95610,0,0,3356,
run-05-10-05-04-30,kona,SYNC,5,5,6000,0.1,30,1293879,258775,30328,30328,30171,0,0,3356,
