Exp,Backend,PFType,CPU,Threads,Local_MB,ZipfS,Runtime,Xput,XputPerCore,Faults,ReadPF,ReadAPF,WritePF,WPFaults,Locks,Desc
run-05-10-10-41-49,kona,ASYNC,2,120,1500,0.1,30,103862,51931,146117,146116,145223,1,0,3356,
run-05-10-10-46-15,kona,ASYNC,2,120,2000,0.1,30,114742,57371,135658,135658,134837,0,0,3356,
run-05-10-10-50-09,kona,ASYNC,2,120,2500,0.1,30,170967,85483,141264,141264,140385,0,0,3356,
run-05-10-10-53-32,kona,ASYNC,2,120,3000,0.1,30,136701,68350,128018,128018,127198,0,0,3356,
run-05-10-10-56-47,kona,ASYNC,2,120,3500,0.1,30,202442,101221,132980,132980,132129,0,0,3356,
run-05-10-11-00-01,kona,ASYNC,2,120,4000,0.1,30,199583,99791,126917,126917,126047,0,0,3356,
run-05-10-11-03-16,kona,ASYNC,2,120,4500,0.1,30,255843,127921,126497,126497,125712,0,0,3356,
run-05-10-11-06-31,kona,ASYNC,2,120,5000,0.1,30,308579,154289,110039,110039,109299,0,0,3356,
run-05-10-11-09-45,kona,ASYNC,2,120,5500,0.1,30,401374,200687,80150,80150,79678,0,0,3356,
run-05-10-11-13-00,kona,ASYNC,2,120,6000,0.1,31,506370,253185,28600,28600,28568,0,0,3356,
