Exp,Backend,PFType,CPU,Threads,Local_MB,ZipfS,Runtime,Xput,XputPerCore,Faults,ReadPF,ReadAPF,WritePF,WPFaults,Locks,Desc
run-05-09-23-31-20,kona,SYNC,1,1,1500,0.1,30,27320,27320,58650,58650,58285,0,0,3356,
run-05-09-23-35-11,kona,SYNC,1,1,2000,0.1,30,30227,30227,56683,56683,56322,0,0,3356,
run-05-09-23-38-25,kona,SYNC,1,1,2500,0.1,30,34242,34242,55951,55951,55583,0,0,3356,
run-05-09-23-41-00,kona,SYNC,1,1,3000,0.1,30,39884,39884,53470,53470,53029,0,0,3356,
run-05-09-23-43-18,kona,SYNC,1,1,3500,0.1,30,47049,47049,51378,51378,50911,0,0,3356,
run-05-09-23-45-37,kona,SYNC,1,1,4000,0.1,30,56602,56602,49475,49475,49025,0,0,3356,
run-05-09-23-47-55,kona,SYNC,1,1,4500,0.1,30,72794,72794,46753,46753,46335,0,0,3356,
run-05-09-23-50-13,kona,SYNC,1,1,5000,0.1,30,94085,94085,41987,41987,41620,0,0,3356,
run-05-09-23-52-31,kona,SYNC,1,1,5500,0.1,30,155629,155629,32308,32308,31934,0,0,3356,
run-05-09-23-54-48,kona,SYNC,1,1,6000,0.1,30,384692,384692,2840,2840,2790,0,0,3356,
