Exp,Backend,PFType,CPU,Threads,Local_MB,ZipfS,Runtime,Xput,XputPerCore,Faults,ReadPF,ReadAPF,WritePF,WPFaults,Locks,Desc
run-05-12-10-37-57,kona,ASYNC,4,400,1500,1,30,297945,74486,126560,126559,125742,1,0,3356,
run-05-12-10-42-52,kona,ASYNC,4,400,2000,1,30,312603,78150,120496,120495,119738,1,0,3356,
run-05-12-10-47-15,kona,ASYNC,4,400,2500,1,30,341715,85428,110393,110392,109727,1,0,3356,
run-05-12-10-51-07,kona,ASYNC,4,400,3000,1,30,457517,114379,113279,113279,112588,0,0,3356,
run-05-12-10-54-49,kona,ASYNC,4,400,3500,1,30,588333,147083,120238,120238,119518,0,0,3356,
run-05-12-10-58-31,kona,ASYNC,4,400,4000,1,30,662672,165668,114539,114539,113903,0,0,3356,
run-05-12-11-02-13,kona,ASYNC,4,400,4500,1,30,763734,190933,98504,98504,97897,0,0,3356,
run-05-12-11-05-55,kona,ASYNC,4,400,5000,1,30,950707,237676,79011,79011,78599,0,0,3356,
run-05-12-11-09-37,kona,ASYNC,4,400,5500,1,30,1036661,259165,49315,49315,48993,0,0,3356,
run-05-12-11-13-19,kona,ASYNC,4,400,6000,1,30,1139193,284798,27252,27252,27248,0,0,3356,
