Exp,Backend,PFType,CPU,Threads,Local_MB,ZipfS,Runtime,Xput,XputPerCore,Faults,ReadPF,ReadAPF,WritePF,WPFaults,Locks,Desc
run-05-10-03-27-00,kona,SYNC,4,4,1500,0.1,30,55305,13826,117804,117804,117062,0,0,3356,
run-05-10-03-30-36,kona,SYNC,4,4,2000,0.1,30,60532,15133,112932,112932,112213,0,0,3356,
run-05-10-03-33-39,kona,SYNC,4,4,2500,0.1,30,66757,16689,107247,107247,106557,0,0,3356,
run-05-10-03-36-11,kona,SYNC,4,4,3000,0.1,30,76011,19002,103795,103795,103078,0,0,3356,
run-05-10-03-38-32,kona,SYNC,4,4,3500,0.1,30,88019,22004,99114,99114,98454,0,0,3356,
run-05-10-03-40-54,kona,SYNC,4,4,4000,0.1,30,109852,27463,99277,99277,98622,0,0,3356,
run-05-10-03-43-15,kona,SYNC,4,4,4500,0.1,30,144739,36184,98485,98485,97782,0,0,3356,
run-05-10-03-45-36,kona,SYNC,4,4,5000,0.1,30,209284,52321,95339,95339,94617,0,0,3356,
run-05-10-03-47-58,kona,SYNC,4,4,5500,0.1,30,373753,93438,86631,86631,85935,0,0,3356,
run-05-10-03-50-19,kona,SYNC,4,4,6000,0.1,30,967382,241845,26347,26347,26238,0,0,3356,
