Exp,Backend,PFType,CPU,Threads,Local_MB,ZipfS,Runtime,Xput,XputPerCore,Faults,ReadPF,ReadAPF,WritePF,WPFaults,Locks,Desc
run-05-12-06-40-45,kona,ASYNC,1,100,1500,1,30,259893,259893,110369,110369,109762,0,0,3356,
run-05-12-06-45-16,kona,ASYNC,1,100,2000,1,30,271811,271811,102931,102931,102409,0,0,3356,
run-05-12-06-49-09,kona,ASYNC,1,100,2500,1,30,314457,314457,90579,90579,90121,0,0,3356,
run-05-12-06-52-24,kona,ASYNC,1,100,3000,1,30,338621,338621,81091,81091,80671,0,0,3356,
run-05-12-06-55-21,kona,ASYNC,1,100,3500,1,30,410566,410566,61982,61982,61664,0,0,3356,
run-05-12-06-58-19,kona,ASYNC,1,100,4000,1,30,387123,387123,61079,61079,60796,0,0,3356,
run-05-12-07-01-17,kona,ASYNC,1,100,4500,1,30,405521,405521,52795,52795,52514,0,0,3356,
run-05-12-07-04-15,kona,ASYNC,1,100,5000,1,30,436204,436204,36651,36651,36458,0,0,3356,
run-05-12-07-07-13,kona,ASYNC,1,100,5500,1,30,448425,448425,30720,30720,30643,0,0,3356,
run-05-12-07-10-11,kona,ASYNC,1,100,6000,1,30,475518,475518,25161,25161,25161,0,0,3356,
