Exp,Backend,PFType,CPU,Threads,Local_MB,ZipfS,Runtime,Xput,XputPerCore,Faults,ReadPF,ReadAPF,WritePF,WPFaults,Locks,Desc
run-05-12-07-13-39,kona,none,2,200,1500,1,44,122545,61272,81705,81705,0,0,0,3356,
run-05-12-07-18-47,kona,none,2,200,2000,1,44,140064,70032,78436,78436,0,0,0,3356,
run-05-12-07-23-23,kona,none,2,200,2500,1,44,164563,82281,75205,75205,0,0,0,3356,
run-05-12-07-27-28,kona,none,2,200,3000,1,44,197560,98780,69527,69527,0,0,0,3356,
run-05-12-07-31-25,kona,none,2,200,3500,1,44,222699,111349,66620,66620,0,0,0,3356,
run-05-12-07-35-21,kona,none,2,200,4000,1,45,248895,124447,63356,63356,0,0,0,3356,
run-05-12-07-39-19,kona,none,2,200,4500,1,42,306552,153276,53452,53452,0,0,0,3356,
run-05-12-07-43-14,kona,none,2,200,5000,1,39,378909,189454,41007,41007,0,0,0,3356,
run-05-12-07-47-05,kona,none,2,200,5500,1,171,480149,240074,25082,25082,0,0,0,3356,
run-05-12-07-53-09,kona,none,2,200,6000,1,161,588157,294078,5608,5608,0,0,0,3356,
