Exp                 RMem  Backend  CPU  Threads  HashPower  ArrayEnts  ValSize  EntriesShft  KeysPerReq  Local_MB  LMem%  ZipfS  RdHd  EvB  EvP   EvPr  PreloadTime  Runtime  Xput    Faults   FaultsNoZP  FaultsR  FaultsW  FaultsWP  FaultsZP  KFaults  KFaultsR  KFaultsW  KFaultsWP  Evicts   KEvicts  EvPopped  AnnotHits  HitR  NetReads  NetWrites  rCPU%  Mallocd  Freed  MemUsed  RSteals  WSteals  HRSteals  WRSteals  WaitRetries  Rescheds  RTentries  Softirqs  Steals  IRQSteals  Desc
run-04-16-13-08-11  eden  rdma     10   40       28         (2<<20)    4        27           32          26890     100    0.85   yes   32   NONE  yes   11           30       514740  0        0           0        0        0         0         0        0         0         0          0        0        0         47861424   1.00  0         0          0      0.0      0.0    23240M                                         0                      0                    0       0          paper
run-04-16-13-12-29  eden  rdma     10   40       28         (2<<20)    4        27           32          24469     91     0.85   yes   32   NONE  yes   12           30       515764  0        0           0        0        0         0         0        0         0         0          0        0        0         46902957   1.00  0         0          0      0.0      0.0    23237M                                         0                      0                    0       0          paper
run-04-16-13-16-47  eden  rdma     10   40       28         (2<<20)    4        27           32          22318     83     0.85   yes   32   NONE  yes   12           30       512928  652      652         652      0        0         0         0        0         0         0          651      651      651       46203662   .99   650       651        0      0.0      0.0    22094M                                         8                      0                    1       0          paper
run-04-16-13-21-07  eden  rdma     10   40       28         (2<<20)    4        27           32          20167     75     0.85   yes   32   NONE  yes   12           30       513599  280      280         280      0        0         0         0        0         0         0          279      279      279       47035940   .99   278       279        0      0.0      0.0    20167M                                         3                      0                    1       0          paper
run-04-16-13-25-26  eden  rdma     10   40       28         (2<<20)    4        27           32          17747     66     0.85   yes   32   NONE  yes   11           30       499152  26956    26956       26955    1        0         0         1        0         1         0          28518    28518    28518     45387888   .99   17390     0          3      4.0      0.0    17747M                                         5286                   0                    22      0          paper
run-04-16-13-29-45  eden  rdma     10   40       28         (2<<20)    4        27           32          15596     58     0.85   yes   32   NONE  yes   12           30       438531  147870   147870      147868   1        1         0         8        6         1         1          294994   294994   294995    39474990   .99   147853    2          32     4.0      0.0    15596M                                         26                     0                    1       0          paper
run-04-16-13-34-03  eden  rdma     10   40       28         (2<<20)    4        27           32          13445     50     0.85   yes   32   NONE  yes   12           30       432572  168129   168129      168126   2        2         0         18       14        2         2          336007   336007   336008    39458387   .99   168105    1          37     0.0      0.0    13445M                                         30                     0                    1       0          paper
run-04-16-13-38-22  eden  rdma     10   40       28         (2<<20)    4        27           32          11024     41     0.85   yes   32   NONE  yes   12           30       407889  231130   231130      231117   13       12        0         102      77        13        12         462029   462029   462029    37904823   .99   231036    4          51     4.0      0.0    11024M                                         146                    0                    2       0          paper
run-04-16-13-42-42  eden  rdma     10   40       28         (2<<20)    4        27           32          8873      33     0.85   yes   32   NONE  yes   16           30       292593  705558   705558      705541   17       16        0         187      154       17        16         909542   813853   909543    27121100   .97   705440    17         98     0.0      0.0    8873M                                          122                    0                    1235    0          paper
run-04-16-13-47-06  eden  rdma     10   40       28         (2<<20)    4        27           32          5915      22     0.85   yes   32   NONE  yes   46           30       113493  1160467  1158675     1160460  6        5         1792      91       80        6         5          1235651  682731   1235652   10549958   .90   1158543   1798       94     0.0      0.0    5915M                                          187                    0                    30899   0          paper
run-04-16-13-52-00  eden  rdma     10   40       28         (2<<20)    4        27           32          4302      16     0.85   yes   32   NONE  yes   78           30       79333   1219391  1217951     1219386  4        3         1440      68       61        4         3          1273406  672321   1273408   7481351    .85   1217806   1445       95     0.0      0.0    4302M                                          222                    0                    46439   0          paper
run-04-16-13-57-26  eden  rdma     10   40       28         (2<<20)    4        27           32          2151      8      0.85   yes   32   NONE  yes   127          30       51923   1216701  1215679     1216698  3        2         1022      55       50        3         2          1253575  632425   1253576   4933496    .80   1215413   1027       96     0.0      0.0    2151M                                          434                    0                    59308   0          paper
run-04-16-14-03-41  eden  rdma     10   40       28         (2<<20)    4        27           32          1075      4      0.85   yes   32   NONE  yes   157          31       42860   1192023  1191184     1192020  3        2         839       50       45        3         2          1222588  637672   1222588   3988789    .76   1190768   843        94     4.0      0.0    1075M                                          704                    0                    64175   0          paper
run-04-16-14-10-37  eden  rdma     10   40       28         (2<<20)    1600     21           32          26890     100    0.85   yes   32   NONE  yes   2            30       375819  0        0           0        0        0         0         0        0         0         0          0        0        0         32474881   1.00  0         0          0      4.0      0.0    23234M                                         0                      0                    0       0          paper
run-04-16-14-14-48  eden  rdma     10   40       28         (2<<20)    1600     21           32          24469     91     0.85   yes   32   NONE  yes   3            30       371498  0        0           0        0        0         0         0        0         0         0          0        0        0         31966376   1.00  0         0          0      0.0      0.0    23237M                                         0                      0                    0       0          paper
run-04-16-14-18-59  eden  rdma     10   40       28         (2<<20)    1600     21           32          22318     83     0.85   yes   32   NONE  yes   2            30       373949  4        4           3        0        0         0         0        0         0         0          1        1        1         32886072   .99   1         1          0      0.0      0.0    22094M                                         4                      0                    2       0          paper
run-04-16-14-23-11  eden  rdma     10   40       28         (2<<20)    1600     21           32          20167     75     0.85   yes   32   NONE  yes   2            30       371420  12       12          11       0        0         0         0        0         0         0          2        2        2         32011307   .99   1         2          0      4.0      0.0    19965M                                         5                      0                    1       0          paper
run-04-16-14-27-23  eden  rdma     10   40       28         (2<<20)    1600     21           32          17747     66     0.85   yes   32   NONE  yes   2            30       372401  1137     1137        1136     0        0         0         0        0         0         0          1135     1135     1135      32110260   .99   1135      1135       0      0.0      0.0    17704M                                         2                      0                    1       0          paper
run-04-16-14-31-35  eden  rdma     10   40       28         (2<<20)    1600     21           32          15596     58     0.85   yes   32   NONE  yes   3            29       354590  20245    20245       20245    0        0         0         0        0         0         0          26358    26358    26358     31667413   .99   20242     8723       5      0.0      0.0    15596M                                         59                     0                    1       0          paper
run-04-16-14-35-47  eden  rdma     10   40       28         (2<<20)    1600     21           32          13445     50     0.85   yes   32   NONE  yes   3            30       355642  24435    24435       24434    1        0         0         2        1         1         0          45315    45315    45315     30783451   .99   24415     0          5      4.0      0.0    13445M                                         91                     0                    2       0          paper
run-04-16-14-39-58  eden  rdma     10   40       28         (2<<20)    1600     21           32          11024     41     0.85   yes   32   NONE  yes   3            30       339177  118499   118499      118497   1        1         0         8        6         1         1          236969   236969   236969    29846839   .99   118486    1          28     0.0      0.0    11024M                                         26                     0                    1       0          paper
run-04-16-14-44-11  eden  rdma     10   40       28         (2<<20)    1600     21           32          8873      33     0.85   yes   32   NONE  yes   3            30       329781  144920   144920      144917   3        2         0         19       14        3         2          289789   289789   289789    28950188   .99   144898    2          34     4.0      0.0    8893M                                          32                     0                    1       0          paper
run-04-16-14-48-24  eden  rdma     10   40       28         (2<<20)    1600     21           32          5915      22     0.85   yes   32   NONE  yes   3            30       304182  207933   207933      207858   74       72        0         515      369       74        72         414796   414796   414796    26020876   .99   207500    17         49     0.0      0.0    5915M                                          731                    0                    2       0          paper
run-04-16-14-52-37  eden  rdma     10   40       28         (2<<20)    1600     21           32          4302      16     0.85   yes   32   NONE  yes   5            30       275433  976731   976731      976674   56       52        0         440      332       56        52         569323   569323   569323    24043839   .96   377785    16         72     0.0      0.0    4302M                                          1370037                0                    138733  0          paper
run-04-16-14-56-51  eden  rdma     10   40       28         (2<<20)    1600     21           32          2151      8      0.85   yes   32   NONE  yes   5            30       167886  1921341  1918629     1921330  11       10        2712      134      113       11        10         777508   686560   777509    14438616   .88   662136    2721       95     4.0      0.0    2151M                                          2920941                0                    275600  0          paper
run-04-16-15-01-06  eden  rdma     10   40       28         (2<<20)    1600     21           32          1075      4      0.85   yes   32   NONE  yes   5            30       117920  1884653  1882588     1884646  7        6         2065      95       82        7         6          891012   653930   891011    10214600   .84   808257    2073       96     4.0      0.0    1075M                                          2317998                0                    233383  0          paper
run-04-16-15-05-31  eden  rdma     10   40       28         (2<<20)    4        27           32          26890     100    0.85   yes   32   NONE  yes   11           30       515383  0        0           0        0        0         0         0        0         0         0          0        0        0         46929298   1.00  0         0          0      4.0      0.0    23239M                                         0                      0                    0       0          paper
run-04-16-15-09-51  eden  rdma     10   40       28         (2<<20)    4        27           32          24469     91     0.85   yes   32   NONE  yes   12           30       515584  0        0           0        0        0         0         0        0         0         0          0        0        0         46415734   1.00  0         0          0      0.0      0.0    23234M                                         0                      0                    0       0          paper
run-04-16-15-14-13  eden  rdma     10   40       28         (2<<20)    4        27           32          22318     83     0.85   yes   32   NONE  yes   11           30       513150  629      629         629      0        0         0         0        0         0         0          628      628      628       47574308   .99   627       628        0      0.0      0.0    22094M                                         6                      0                    1       0          paper
run-04-16-15-18-36  eden  rdma     10   40       28         (2<<20)    4        27           32          20167     75     0.85   yes   32   NONE  yes   12           30       514283  288      288         287      0        0         0         0        0         0         0          288      288      288       46793737   .99   286       288        0      0.0      0.0    20167M                                         3                      0                    1       0          paper
run-04-16-15-22-58  eden  rdma     10   40       28         (2<<20)    4        27           32          17747     66     0.85   yes   32   NONE  yes   11           30       498881  26181    26181       26180    0        0         0         1        1         0         0          27659    27659    27659     44929575   .99   16854     0          2      0.0      0.0    17747M                                         5173                   0                    29      0          paper
run-04-16-15-27-19  eden  rdma     10   40       28         (2<<20)    4        27           32          15596     58     0.85   yes   32   NONE  yes   12           30       474086  85289    85289       85288    0        0         0         2        2         0         0          131526   131526   131526    42625847   .99   66097     1          13     0.0      0.0    15596M                                         16065                  0                    559     0          paper
run-04-16-15-31-43  eden  rdma     10   40       28         (2<<20)    4        27           32          13445     50     0.85   yes   32   NONE  yes   12           30       429141  166423   166423      166421   2        2         0         17       13        2         2          332601   332601   332601    39310291   .99   166399    1          37     0.0      0.0    13445M                                         34                     0                    1       0          paper
run-04-16-15-36-06  eden  rdma     10   40       28         (2<<20)    4        27           32          11024     41     0.85   yes   32   NONE  yes   12           30       404118  229114   229114      229101   12       12        0         97       73        12        12         457997   457997   457998    37412775   .99   229026    3          53     0.0      0.0    11024M                                         142                    0                    1       0          paper
run-04-16-15-40-29  eden  rdma     10   40       28         (2<<20)    4        27           32          8873      33     0.85   yes   32   NONE  yes   17           30       281264  670024   670024      670008   15       15        0         180      150       15        15         862619   731028   862619    25631251   .97   669909    16         96     0.0      0.0    8873M                                          106                    0                    1492    0          paper
run-04-16-15-44-57  eden  rdma     10   40       28         (2<<20)    4        27           32          5915      22     0.85   yes   32   NONE  yes   55           30       105360  1091487  1089686     1091480  6        5         1801      90       79        6         5          1162720  643726   1162721   10025196   .90   1089564   1809       96     4.0      0.0    5915M                                          169                    0                    23575   0          paper
run-04-16-15-50-02  eden  rdma     10   40       28         (2<<20)    4        27           32          4302      16     0.85   yes   32   NONE  yes   90           30       74520   1132631  1131267     1132626  5        3         1364      67       59        5         3          1183428  634421   1183429   7054128    .86   1131115   1369       96     4.0      0.0    4302M                                          222                    0                    35212   0          paper
run-04-16-15-55-43  eden  rdma     10   40       28         (2<<20)    4        27           32          2151      8      0.85   yes   32   NONE  yes   141          30       50810   1207581  1206539     1207578  3        2         1042      54       49        3         2          1244565  647466   1244566   4943479    .80   1206298   1046       98     0.0      0.0    2151M                                          382                    0                    54121   0          paper
run-04-16-16-02-16  eden  rdma     10   40       28         (2<<20)    4        27           32          1075      4      0.85   yes   32   NONE  yes   163          30       41411   1162188  1161355     1162186  2        2         833       50       46        2         2          1191937  621321   1191938   3881725    .76   1160912   835        95     0.0      0.0    1075M                                          715                    0                    60871   0          paper
run-04-16-16-09-18  eden  rdma     10   40       28         (2<<20)    1600     21           32          26890     100    0.85   yes   32   NONE  yes   2            30       377209  0        0           0        0        0         0         0        0         0         0          0        0        0         32644129   1.00  0         0          0      0.0      0.0    23239M                                         0                      0                    0       0          paper
run-04-16-16-13-29  eden  rdma     10   40       28         (2<<20)    1600     21           32          24469     91     0.85   yes   32   NONE  yes   2            30       379023  0        0           0        0        0         0         0        0         0         0          0        0        0         33012540   1.00  0         0          0      4.0      0.0    23235M                                         0                      0                    0       0          paper
run-04-16-16-17-41  eden  rdma     10   40       28         (2<<20)    1600     21           32          22318     83     0.85   yes   32   NONE  yes   3            30       371977  6        6           6        0        0         0         0        0         0         0          1        1        1         32282628   .99   0         1          0      0.0      0.0    22094M                                         2                      0                    1       0          paper
run-04-16-16-21-52  eden  rdma     10   40       28         (2<<20)    1600     21           32          20167     75     0.85   yes   32   NONE  yes   2            30       370717  9        9           8        0        0         0         0        0         0         0          2        2        2         31516146   .99   0         2          0      4.0      0.0    19965M                                         3                      0                    1       0          paper
run-04-16-16-26-04  eden  rdma     10   40       28         (2<<20)    1600     21           32          17747     66     0.85   yes   32   NONE  yes   2            30       378545  1182     1182        1182     0        0         0         0        0         0         0          1181     1181     1181      33487341   .99   1181      1181       0      0.0      0.0    17697M                                         1                      0                    1       0          paper
run-04-16-16-30-15  eden  rdma     10   40       28         (2<<20)    1600     21           32          15596     58     0.85   yes   32   NONE  yes   2            30       361582  20191    20191       20190    0        0         0         0        0         0         0          25409    25409    25409     31666912   .99   20187     7953       4      0.0      0.0    15596M                                         84                     0                    1       0          paper
run-04-16-16-34-26  eden  rdma     10   40       28         (2<<20)    1600     21           32          13445     50     0.85   yes   32   NONE  yes   2            30       370156  25866    25866       25866    0        0         0         1        1         0         0          48030    48030    48030     33032245   .99   25850     0          5      0.0      0.0    13445M                                         47                     0                    2       0          paper
run-04-16-16-38-39  eden  rdma     10   40       28         (2<<20)    1600     21           32          11024     41     0.85   yes   32   NONE  yes   2            30       340606  117731   117731      117730   1        0         0         7        6         1         0          235436   235436   235436    29645453   .99   117719    1          28     0.0      0.0    11024M                                         14                     0                    2       0          paper
run-04-16-16-42-52  eden  rdma     10   40       28         (2<<20)    1600     21           32          8873      33     0.85   yes   32   NONE  yes   2            30       333211  144171   144171      144168   3        2         0         21       16        3         2          288284   288284   288284    28781548   .99   144147    2          35     4.0      0.0    8892M                                          34                     0                    1       0          paper
run-04-16-16-47-05  eden  rdma     10   40       28         (2<<20)    1600     21           32          5915      22     0.85   yes   32   NONE  yes   4            30       302984  211675   211675      211598   76       72        0         533      385       76        72         422261   422261   422261    26473988   .99   211239    17         53     0.0      0.0    5915M                                          706                    0                    2       0          paper
run-04-16-16-51-18  eden  rdma     10   40       28         (2<<20)    1600     21           32          4302      16     0.85   yes   32   NONE  yes   4            30       261085  1167016  1167016     1166961  54       49        0         408      305       54        49         539503   539503   539504    21968048   .94   364256    14         70     0.0      0.0    4302M                                          1798878                0                    181912  0          paper
run-04-16-16-55-33  eden  rdma     10   40       28         (2<<20)    1600     21           32          2151      8      0.85   yes   32   NONE  yes   5            30       181359  2191832  2188686     2191805  26       24        3146      237      187       26        24         644420   642945   644421    15981222   .87   516366    3160       87     0.0      0.0    2151M                                          4142662                0                    347699  0          paper
run-04-16-16-59-47  eden  rdma     10   40       28         (2<<20)    1600     21           32          1075      4      0.85   yes   32   NONE  yes   5            30       127219  1849838  1847406     1849830  7        6         2432      109      96        7         6          863947   658161   863948    10733460   .85   777267    2441       94     0.0      0.0    1075M                                          2294445                0                    237700  0          paper
run-04-16-17-04-12  eden  rdma     10   40       28         (2<<20)    4        27           32          26890     100    0.85   yes   32   NONE  yes   12           30       514794  0        0           0        0        0         0         0        0         0         0          0        0        0         47463036   1.00  0         0          0      0.0      0.0    23236M                                         0                      0                    0       0          paper
run-04-16-17-08-33  eden  rdma     10   40       28         (2<<20)    4        27           32          24469     91     0.85   yes   32   NONE  yes   12           30       515391  0        0           0        0        0         0         0        0         0         0          0        0        0         46815429   1.00  0         0          0      0.0      0.0    23240M                                         0                      0                    0       0          paper
run-04-16-17-12-53  eden  rdma     10   40       28         (2<<20)    4        27           32          22318     83     0.85   yes   32   NONE  yes   12           30       514306  628      628         627      0        0         0         0        0         0         0          626      626      626       47018439   .99   625       626        0      0.0      0.0    22094M                                         6                      0                    1       0          paper
run-04-16-17-17-15  eden  rdma     10   40       28         (2<<20)    4        27           32          20167     75     0.85   yes   32   NONE  yes   12           30       507904  578      578         577      1        0         0         1        0         1         0          317      317      317       46481068   .99   317       317        0      4.0      0.0    20167M                                         152                    0                    2       0          paper
run-04-16-17-21-35  eden  rdma     10   40       28         (2<<20)    4        27           32          17747     66     0.85   yes   32   NONE  yes   12           30       498778  26126    26126       26125    1        0         0         1        0         1         0          27694    27694    27694     44705935   .99   16946     0          2      4.0      0.0    17747M                                         5105                   0                    21      0          paper
run-04-16-17-25-59  eden  rdma     10   40       28         (2<<20)    4        27           32          15596     58     0.85   yes   32   NONE  yes   12           30       448724  153395   153395      153392   2        1         0         9        6         2         1          278003   278003   278003    41490529   .99   139371    2          29     4.0      0.0    15596M                                         7046                   0                    30      0          paper
run-04-16-17-30-21  eden  rdma     10   40       28         (2<<20)    4        27           32          13445     50     0.85   yes   32   NONE  yes   12           30       429879  167630   167630      167628   2        2         0         18       14        2         2          335014   335014   335014    39638273   .99   167606    0          36     0.0      0.0    13445M                                         32                     0                    2       0          paper
run-04-16-17-34-43  eden  rdma     10   40       28         (2<<20)    4        27           32          11024     41     0.85   yes   32   NONE  yes   11           30       410043  228283   228283      228271   12       11        0         96       73        12        11         440582   440582   440583    37574199   .99   220325    3          50     0.0      0.0    11024M                                         4594                   0                    50      0          paper
run-04-16-17-39-05  eden  rdma     10   40       28         (2<<20)    4        27           32          8873      33     0.85   yes   32   NONE  yes   17           30       278704  708168   708168      708152   16       15        0         174      143       16        15         898637   754814   898638    25354529   .97   708056    15         96     0.0      0.0    8873M                                          108                    0                    1884    0          paper
run-04-16-17-43-33  eden  rdma     10   40       28         (2<<20)    4        27           32          5915      22     0.85   yes   32   NONE  yes   51           30       111122  1149122  1147468     1149115  7        5         1654      91       79        7         5          1224128  674762   1224129   10516995   .90   1147348   1663       96     4.0      0.0    5915M                                          167                    0                    30653   0          paper
run-04-16-17-48-34  eden  rdma     10   40       28         (2<<20)    4        27           32          4302      16     0.85   yes   32   NONE  yes   87           30       75559   1158915  1157625     1158910  4        3         1290      66       59        4         3          1210707  638753   1210708   7170473    .86   1157473   1296       96     0.0      0.0    4302M                                          221                    0                    37515   0          paper
run-04-16-17-54-14  eden  rdma     10   40       28         (2<<20)    4        27           32          2151      8      0.85   yes   32   NONE  yes   139          30       52190   1213991  1212964     1213988  3        2         1027      54       49        3         2          1251049  650747   1251050   4957594    .80   1212715   1031       96     0.0      0.0    2151M                                          405                    0                    57899   0          paper
run-04-16-18-00-44  eden  rdma     10   40       28         (2<<20)    4        27           32          1075      4      0.85   yes   32   NONE  yes   159          30       43293   1243325  1242442     1243322  2        2         883       51       47        2         2          1275126  661369   1275130   4146581    .76   1242000   886        97     0.0      0.0    1075M                                          731                    0                    67283   0          paper
run-04-16-18-07-41  eden  rdma     10   40       28         (2<<20)    1600     21           32          26890     100    0.85   yes   32   NONE  yes   3            30       377434  0        0           0        0        0         0         0        0         0         0          0        0        0         32569530   1.00  0         0          0      0.0      0.0    23237M                                         0                      0                    0       0          paper
run-04-16-18-11-52  eden  rdma     10   40       28         (2<<20)    1600     21           32          24469     91     0.85   yes   32   NONE  yes   3            30       373273  0        0           0        0        0         0         0        0         0         0          0        0        0         32294217   1.00  0         0          0      0.0      0.0    23236M                                         0                      0                    0       0          paper
run-04-16-18-16-04  eden  rdma     10   40       28         (2<<20)    1600     21           32          22318     83     0.85   yes   32   NONE  yes   2            30       375694  0        0           0        0        0         0         0        0         0         0          0        0        0         32344805   1.00  0         0          0      0.0      0.0    22094M                                         0                      0                    0       0          paper
run-04-16-18-20-15  eden  rdma     10   40       28         (2<<20)    1600     21           32          20167     75     0.85   yes   32   NONE  yes   2            30       376542  5        5           4        0        0         0         0        0         0         0          1        1        1         32196774   .99   0         1          0      0.0      0.0    19965M                                         3                      0                    2       0          paper
run-04-16-18-24-26  eden  rdma     10   40       28         (2<<20)    1600     21           32          17747     66     0.85   yes   32   NONE  yes   2            30       377053  1040     1040        1040     0        0         0         0        0         0         0          1040     1040     1040      33338519   .99   1038      1040       0      0.0      0.0    17701M                                         10                     0                    2       0          paper
run-04-16-18-28-38  eden  rdma     10   40       28         (2<<20)    1600     21           32          15596     58     0.85   yes   32   NONE  yes   2            30       365348  17833    17833       17832    0        0         0         0        0         0         0          22660    22660    22660     31679844   .99   17830     6929       4      0.0      0.0    15596M                                         14                     0                    1       0          paper
run-04-16-18-32-50  eden  rdma     10   40       28         (2<<20)    1600     21           32          13445     50     0.85   yes   32   NONE  yes   2            30       358945  24774    24774       24773    1        0         0         1        0         1         0          45968    45968    45968     31405156   .99   24756     0          5      4.0      0.0    13445M                                         89                     0                    2       0          paper
run-04-16-18-37-02  eden  rdma     10   40       28         (2<<20)    1600     21           32          11024     41     0.85   yes   32   NONE  yes   3            30       337041  115811   115811      115809   2        1         0         8        5         2         1          231593   231593   231593    29169818   .99   115798    1          28     4.0      0.0    11024M                                         14                     0                    1       0          paper
run-04-16-18-41-15  eden  rdma     10   40       28         (2<<20)    1600     21           32          8873      33     0.85   yes   32   NONE  yes   2            30       330153  143507   143507      143504   2        2         0         19       15        2         2          286957   286957   286957    28623363   .99   143483    1          35     0.0      0.0    8887M                                          33                     0                    1       0          paper
run-04-16-18-45-27  eden  rdma     10   40       28         (2<<20)    1600     21           32          5915      22     0.85   yes   32   NONE  yes   4            30       304141  211306   211306      211230   75       70        0         518      373       75        70         421588   421588   421589    26432273   .99   210884    18         52     4.0      0.0    5915M                                          640                    0                    2       0          paper
run-04-16-18-49-41  eden  rdma     10   40       28         (2<<20)    1600     21           32          4302      16     0.85   yes   32   NONE  yes   4            30       264516  1441142  1441142     1441085  56       52        0         422      314       56        52         581747   581747   581748    23269288   .94   396187    15         73     4.0      0.0    4302M                                          2484686                0                    241217  0          paper
run-04-16-18-53-55  eden  rdma     10   40       28         (2<<20)    1600     21           32          2151      8      0.85   yes   32   NONE  yes   4            30       184990  2093013  2090233     2092988  25       22        2780      231      184       25        22         635244   635244   635245    15731310   .88   509273    2791       85     0.0      0.0    2151M                                          3939290                0                    330771  0          paper
run-04-16-18-58-11  eden  rdma     10   40       28         (2<<20)    1600     21           32          1075      4      0.85   yes   32   NONE  yes   5            30       42050   1208581  1207660     1208577  3        2         921       47       42        3         2          1185927  637164   1185927   3596026    .74   1155262   925        95     0.0      0.0    1075M                                          86238                  0                    57912   0          paper
