lmemfr,Xput,XputErr,Faults,FaultsErr,Backend,PFType,CPU,Threads,Zipfs
0.17,231669,12553.1,140108,598.099,kona,ASYNC,4,400,1
0.25,281074,12974.3,142205,948.144,kona,ASYNC,4,400,1
0.33,332952,21076.7,143170,1083.54,kona,ASYNC,4,400,1
0.42,387315,20065.5,133937,5779.58,kona,ASYNC,4,400,1
0.50,407613,9450.75,121409,6795.84,kona,ASYNC,4,400,1
0.58,435170,6451.91,97222,5005.84,kona,ASYNC,4,400,1
0.67,443128,6739.06,85996,2566.56,kona,ASYNC,4,400,1
0.75,460663,5110.25,69484,3638.5,kona,ASYNC,4,400,1
0.83,480393,3723.02,49167,2629.57,kona,ASYNC,4,400,1
0.92,493987,1666.62,33367,1253.07,kona,ASYNC,4,400,1
1.00,521563,1617.77,996,96.952,kona,ASYNC,4,400,1
