lmemfr,Xput,XputErr,Faults,FaultsErr,Count,Backend,PFType,CPU,Threads,Zipfs
0.17,157781,14333.2,104919,2140.59,9,kona,none,4,400,1
0.25,186272,14768.1,99469,3010.74,9,kona,none,4,400,1
0.33,192084,19630.2,98351,3777.77,9,kona,none,4,400,1
0.42,221680,18085,92355,3871.07,9,kona,none,4,400,1
0.50,248521,11974.8,85787,2832.6,8,kona,none,4,400,1
0.58,265976,13061.8,81112,3117.65,9,kona,none,4,400,1
0.67,311526,15061.7,69055,4216.3,9,kona,none,4,400,1
0.75,349948,17446.3,57739,4869.15,9,kona,none,4,400,1
0.83,402045,10341.1,41836,3170.06,10,kona,none,4,400,1
0.92,445533,3855.05,27004,1295.27,10,kona,none,4,400,1
1.00,518906,1795.29,952,79.6239,10,kona,none,4,400,1
