latency
51.768
14.495
14.053
13.761
14.006
13.377
14.005
13.575
15.036
13.944
13.915
14.009
13.691
13.825
13.840
13.786
14.524
13.706
15.158
13.152
13.861
14.029
13.868
15.145
13.996
14.326
13.477
13.773
14.474
13.819
13.541
13.806
13.771
13.581
13.863
13.768
13.781
13.692
13.894
14.020
13.768
13.513
14.312
13.207
13.572
13.460
13.871
14.009
13.699
14.108
13.644
13.836
13.822
14.247
13.528
13.704
13.991
13.772
14.366
14.002
14.315
13.907
13.788
13.776
14.407
13.122
13.843
13.822
13.640
13.782
13.224
13.642
13.766
13.770
13.539
13.781
13.925
14.881
13.928
13.697
13.587
14.322
13.917
13.871
13.849
13.862
13.927
13.121
13.708
13.783
13.922
13.791
15.058
13.949
14.500
13.764
13.643
13.789
13.637
16.698
15.139
14.089
13.943
13.603
15.036
14.387
13.865
15.238
13.747
13.024
13.281
13.620
14.546
13.739
13.736
13.674
13.841
13.798
13.667
14.509
13.716
13.925
14.637
13.817
15.036
13.834
13.641
13.276
13.546
13.789
14.081
14.000
13.768
13.829
13.697
13.466
13.559
13.776
13.746
13.810
13.790
14.229
13.869
14.935
13.700
13.732
13.640
13.707
13.636
14.263
13.467
13.801
14.863
13.474
13.747
13.619
14.183
14.867
14.335
13.686
13.750
14.016
13.604
13.829
13.789
13.621
13.778
13.615
13.693
13.736
13.708
13.821
15.033
15.703
13.780
13.323
12.996
13.959
13.632
13.731
14.098
13.663
14.396
16.111
13.925
13.716
13.698
13.789
13.903
13.700
14.254
13.935
14.023
13.757
13.621
13.996
13.850
14.000
14.327
13.544
13.686
13.711
14.127
14.515
13.927
14.040
13.683
14.428
13.621
13.789
14.521
13.624
13.821
13.778
13.714
14.084
13.793
13.618
14.356
13.626
14.891
13.859
15.646
13.857
13.614
14.919
13.663
13.621
14.912
13.516
13.309
13.686
16.356
13.601
15.655
13.853
13.695
13.714
13.819
14.343
14.549
13.933
17.340
13.525
13.464
15.608
13.603
14.488
13.619
15.076
14.425
13.655
13.727
13.570
13.686
13.847
13.688
14.226
13.681
13.906
13.717
13.552
14.561
13.560
14.873
13.775
13.699
13.851
13.756
13.914
13.779
13.600
13.720
13.797
13.084
13.853
14.001
13.753
16.776
13.563
13.859
13.943
13.843
13.869
13.739
13.688
14.577
13.794
13.856
13.862
13.524
13.695
13.623
15.183
12.980
14.633
13.283
13.719
14.232
13.853
13.606
13.854
13.768
13.631
13.131
13.791
14.967
13.320
13.806
12.974
13.079
13.541
14.527
12.994
14.531
13.061
14.012
13.937
13.772
13.102
14.120
13.100
14.367
13.525
14.350
13.174
13.358
14.408
13.076
13.868
14.448
13.560
13.710
12.991
13.447
15.109
14.560
13.735
14.086
13.385
13.744
13.851
14.256
16.346
13.052
13.582
14.497
13.162
13.706
13.779
13.625
13.693
13.529
17.360
13.685
13.771
14.226
14.896
12.860
13.680
13.193
13.702
13.651
13.684
13.536
13.746
14.324
14.363
13.646
13.078
13.950
13.672
13.798
13.695
13.694
13.695
13.782
15.507
13.544
14.380
13.799
13.549
13.711
13.786
13.572
13.845
14.374
13.697
15.013
13.678
13.706
13.952
13.775
13.604
13.634
13.630
13.628
13.752
14.148
13.768
14.228
13.828
14.088
13.701
13.778
13.650
13.536
13.737
13.760
13.531
14.334
13.840
14.336
13.603
13.706
13.721
13.584
13.861
13.651
14.376
13.735
14.325
13.783
13.568
13.787
13.593
13.764
13.699
13.603
13.449
13.806
13.553
14.320
13.679
13.675
13.639
14.861
14.202
13.759
13.775
14.382
13.710
14.677
13.771
13.759
13.883
13.752
14.363
13.657
13.716
14.859
13.803
13.582
14.368
13.081
13.706
13.627
13.855
13.634
13.734
13.701
13.534
13.536
13.543
13.685
13.836
15.040
13.686
14.009
13.680
15.010
13.610
13.851
13.706
13.933
13.686
13.390
13.772
13.737
13.753
13.967
13.796
13.693
13.624
13.693
15.515
14.013
13.667
13.692
13.564
14.972
13.692
12.977
13.165
16.826
13.555
13.708
13.652
13.785
13.660
13.648
13.634
13.772
13.627
13.657
14.260
13.759
13.971
13.894
14.227
13.753
13.639
13.693
13.698
13.748
13.725
13.540
13.778
13.598
14.469
13.623
13.852
13.328
14.004
13.669
12.966
14.096
15.593
13.574
13.224
13.693
13.706
14.934
13.696
13.675
13.661
13.778
13.489
13.490
13.653
13.716
13.180
13.135
13.926
14.242
13.824
13.686
14.390
13.619
13.683
13.795
14.139
13.611
13.705
13.773
14.399
15.008
13.695
13.111
13.799
13.863
13.666
13.740
13.631
15.562
13.546
14.170
14.085
13.706
15.438
13.509
13.829
13.831
13.603
13.693
13.624
14.242
13.657
13.351
13.695
14.478
13.852
13.710
13.804
13.869
14.214
13.539
13.570
13.861
13.685
13.652
13.623
13.658
13.622
14.480
13.768
14.876
16.331
13.929
13.833
13.703
13.979
13.538
13.685
17.360
15.026
13.785
13.606
14.299
14.860
13.755
14.418
15.505
14.945
13.517
13.697
13.902
13.825
14.952
13.039
13.085
13.625
14.325
13.871
14.354
13.620
13.281
13.710
13.845
14.634
13.881
13.887
14.263
13.615
14.054
14.536
13.842
13.851
15.127
14.827
13.630
13.908
13.696
13.851
13.843
13.204
14.809
13.693
13.832
13.160
13.718
13.617
13.664
12.925
13.454
13.709
13.850
13.978
14.358
13.695
13.861
13.874
14.872
13.670
14.252
13.779
14.878
13.842
14.207
14.373
14.392
13.541
13.465
13.716
13.775
13.688
14.460
13.624
13.717
13.489
13.851
13.675
13.834
13.763
13.759
14.548
13.707
13.756
13.705
13.308
13.932
13.676
13.701
13.724
13.631
13.611
13.771
13.262
14.076
13.625
14.235
13.758
14.935
13.851
13.799
13.431
12.943
13.805
13.654
13.650
15.698
14.753
13.795
13.712
13.759
13.775
14.321
13.784
13.689
14.923
15.552
13.691
13.383
15.612
13.773
14.244
13.637
13.727
14.883
13.706
14.250
13.686
13.615
15.004
13.736
14.211
13.755
15.075
14.633
13.784
13.630
13.851
16.187
13.725
13.830
13.576
13.662
13.737
14.014
13.920
13.740
13.918
14.416
13.638
13.719
14.410
13.725
13.743
13.860
13.728
14.033
13.928
13.142
13.792
13.775
12.945
13.304
13.317
14.356
16.232
13.967
13.677
13.764
13.561
13.649
13.626
13.776
13.774
14.168
13.927
13.938
13.718
14.001
13.614
14.448
13.811
13.712
13.821
13.621
13.846
13.350
13.689
13.761
14.320
15.170
13.878
13.766
13.796
13.854
13.710
13.756
13.789
13.693
14.400
13.747
13.740
13.626
13.842
13.614
13.632
13.778
13.558
13.682
13.735
13.708
13.848
13.923
13.886
13.703
13.795
14.506
13.767
14.551
13.769
13.565
14.406
14.294
14.397
13.069
14.313
13.132
13.788
13.885
13.664
15.403
17.081
13.553
13.613
13.738
13.711
13.849
13.181
13.806
13.088
14.106
13.649
13.854
13.696
14.331
13.902
13.231
13.649
14.422
14.006
13.240
13.752
13.768
13.650
13.434
13.857
13.672
13.645
14.774
13.754
13.539
13.514
13.753
13.691
13.889
13.796
13.853
15.629
13.669
13.501
13.622
14.985
14.118
13.850
13.865
13.803
14.087
13.129
13.851
13.755
14.451
13.084
13.691
14.321
13.700
13.733
13.543
13.696
13.620
14.945
13.550
14.448
13.902
13.760
14.762
13.669
13.261
13.774
15.031
13.227
13.779
13.689
13.315
13.756
13.805
13.972
13.740
14.034
13.690
13.785
14.480
13.924
13.703
13.712
13.855
14.438
13.771
13.598
15.093
13.012
14.442
14.467
15.086
13.629
13.759
13.756
15.116
13.805
13.607
13.694
13.781
13.872
13.453
13.782
13.722
17.411
14.269
13.394
13.767
13.833
13.656
13.786
13.863
13.776
14.001
13.680
13.136
14.857
13.748
15.149
14.015
13.081
14.532
13.931
15.631
15.666
13.684
13.639
13.392
13.795
13.247
13.716
13.971
14.405
13.218
13.075
13.937
13.315
13.546
13.766
14.032
14.168
13.758
13.957
13.191
14.929
13.775
13.876
14.608
13.232
13.912
13.122
13.154
13.861
14.434
14.323
13.845
13.057
13.264
13.780
13.675
14.623
13.556
13.689
14.932
13.849
13.088
13.173
13.980
13.103
13.770
13.974
13.788
14.319
15.705
13.824
13.686
13.669
13.101
13.863
13.222
13.880
13.346
13.810
13.634
13.842
13.774
13.379
13.832
14.435
13.166
13.830
14.525
14.675
13.166
14.008
14.076
13.828
14.730
13.883
13.057
13.736
13.681
13.886
13.173
13.747
14.719
13.754
13.876
14.011
13.280
13.672
13.123
14.112
13.084
13.151
13.705
14.021
13.852
14.077
14.407
13.779
16.967
13.892
14.405
14.021
13.700
13.308
13.688
13.918
13.931
13.246
13.089
14.099
13.144
13.708
13.736
13.328
13.236
13.848
14.447
13.242
13.972
14.062
13.370
13.593
13.929
13.707
13.683
13.618
14.492
15.107
13.561
13.762
14.080
13.746
13.839
13.437
13.738
14.273
13.717
14.397
13.820
13.695
13.763
13.776
13.610
13.721
13.642
13.663
14.325
15.469
14.985
13.693
13.953
13.593
13.646
13.578
13.669
13.859
13.708
13.716
13.651
13.705
14.780
13.625
13.785
14.445
15.001
13.625
13.694
13.881
13.567
15.483
15.096
13.668
13.788
13.588
13.698
13.693
13.695
13.863
13.539
14.284
12.865
13.686
14.445
13.613
13.690
13.611
13.599
13.691
13.680
13.730
14.192
14.101
13.768
13.675
14.305
13.619
14.406
13.700
13.616
13.589
15.032
13.562
13.793
13.702
14.452
13.778
13.622
13.785
13.730
13.861
13.448
13.631
13.555
13.604
13.679
14.936
13.946
14.367
14.974
14.336
13.716
14.388
13.781
14.134
13.735
13.768
14.294
13.939
13.724
13.870
13.772
14.019
13.602
13.628
14.954
13.713
13.758
13.832
14.952
13.633
14.210
15.400
13.672
13.804
14.289
13.625
13.784
14.934
13.754
13.786
13.852
13.533
13.619
16.711
13.080
14.413
13.797
13.774
13.709
13.763
13.913
14.975
14.434
13.608
13.860
13.892
13.627
13.631
13.650
13.772
16.078
14.410
13.188
13.708
14.176
14.265
14.431
14.294
13.765
13.769
13.552
13.765
14.384
13.624
13.619
13.773
14.167
13.631
13.809
13.763
14.339
13.313
13.997
13.857
13.552
13.691
14.290
15.715
13.642
13.850
13.574
13.600
13.747
13.498
13.464
13.611
13.751
16.162
13.700
13.213
14.389
23.210
13.784
13.659
13.839
13.711
12.934
13.537
15.019
13.696
13.617
13.664
13.631
13.763
13.723
13.857
15.531
13.799
13.882
13.766
13.782
14.393
14.296
14.324
14.319
13.768
13.767
13.869
14.151
13.861
13.758
13.774
13.707
13.900
13.747
13.715
13.723
14.451
14.799
13.763
13.930
13.751
13.825
14.407
14.951
13.851
13.572
13.531
13.765
13.149
13.194
13.801
13.617
13.638
13.557
13.845
13.932
13.720
13.922
13.155
14.406
12.995
13.036
13.756
13.711
13.622
14.242
13.696
13.695
13.603
13.898
13.473
13.702
13.721
13.589
13.834
13.546
13.863
14.010
13.668
14.249
15.001
13.751
13.550
13.121
13.624
15.447
13.773
14.170
13.856
13.717
13.712
13.697
13.648
14.098
13.770
13.785
13.706
13.758
13.520
13.765
13.786
13.767
13.727
13.719
13.389
13.693
15.428
13.750
13.617
13.695
13.782
13.760
13.548
13.809
13.708
13.784
14.258
13.844
13.933
13.779
13.693
12.763
13.185
12.995
14.527
13.800
13.738
13.627
13.776
13.780
13.806
13.584
13.618
14.551
13.794
13.930
13.775
13.861
13.742
13.613
14.407
13.617
13.764
13.705
13.654
14.940
13.936
13.722
13.666
13.350
15.569
13.771
13.707
13.717
13.723
15.081
13.626
13.779
18.772
13.558
13.869
13.739
13.716
13.701
14.223
13.771
13.850
13.696
13.785
13.518
13.612
14.344
13.778
13.553
13.521
13.386
13.609
13.847
13.763
13.857
13.868
13.916
13.768
13.858
13.758
13.701
13.859
13.626
14.304
13.665
13.820
13.707
13.085
13.784
14.457
13.697
13.994
13.844
14.020
13.747
13.634
13.834
13.769
13.942
13.698
13.719
13.687
13.747
13.566
13.737
13.932
13.703
13.701
13.877
14.177
13.602
14.253
13.741
13.716
13.744
14.219
13.706
13.639
12.959
13.778
14.434
14.303
14.871
13.552
13.675
13.789
13.852
13.664
13.622
13.702
13.861
14.487
13.692
13.943
13.889
13.941
14.889
13.536
13.662
13.032
13.554
14.937
13.552
14.302
13.849
13.791
13.664
13.696
14.191
13.716
14.039
13.690
13.843
13.169
13.741
13.716
13.776
13.716
13.847
12.995
12.991
13.763
13.633
13.934
14.931
13.664
13.900
13.707
13.853
13.736
12.871
13.935
13.758
13.704
13.958
13.522
13.807
13.768
13.624
13.499
13.182
13.732
13.822
13.796
13.769
14.397
13.772
14.162
13.608
13.747
14.479
14.484
13.671
13.706
13.618
13.739
15.799
13.763
14.160
13.544
13.760
13.766
13.867
13.612
13.851
13.539
14.425
14.375
13.912
13.847
13.610
13.208
13.817
15.271
13.848
14.077
13.918
13.781
14.062
14.456
14.465
13.697
14.007
14.274
13.804
13.593
14.474
14.636
13.969
13.835
13.780
13.763
13.603
13.768
13.786
13.937
13.758
13.714
13.539
14.365
12.850
13.103
13.706
13.773
14.943
14.699
13.974
13.775
13.852
13.683
13.912
13.784
13.861
13.710
14.231
13.780
15.081
13.605
15.005
13.675
13.533
14.315
13.562
13.769
13.901
13.989
13.719
13.628
14.162
13.782
13.696
13.895
13.639
13.677
14.218
13.855
14.451
15.105
14.379
13.857
15.689
13.609
13.791
13.851
13.699
13.836
14.468
13.871
13.754
13.987
13.709
13.791
13.633
13.153
13.859
13.744
13.944
13.692
13.147
13.933
13.646
14.884
13.662
13.838
14.470
14.483
14.136
15.567
13.760
13.786
13.894
13.602
13.817
13.923
13.701
13.927
13.801
13.690
13.847
13.146
15.035
13.686
13.702
13.625
13.630
13.840
13.689
14.132
13.579
13.792
14.473
13.710
13.930
13.745
13.852
13.806
13.558
15.015
14.003
13.716
13.382
13.773
13.846
13.171
13.707
13.764
13.971
14.069
14.000
14.374
15.162
13.759
13.930
14.428
13.232
13.192
13.824
13.802
14.107
15.099
13.848
13.819
15.807
13.698
13.683
13.650
13.879
13.891
13.551
13.827
15.618
13.854
13.819
14.407
13.550
13.688
14.019
15.093
13.740
15.794
13.810
13.758
13.698
13.682
13.859
14.434
13.634
13.711
14.000
13.835
14.060
13.693
15.178
13.308
14.972
13.860
15.160
13.917
14.459
14.995
13.199
13.872
13.638
13.665
14.317
13.674
13.856
13.776
13.857
13.853
13.147
13.933
13.869
14.534
14.483
14.222
13.777
14.995
14.455
13.781
13.736
14.303
13.863
14.396
13.238
14.589
13.810
13.553
14.577
15.774
13.938
13.845
13.521
13.860
13.854
14.862
13.715
14.176
14.418
13.840
13.228
13.765
13.839
13.681
13.682
14.980
14.314
15.075
14.083
13.783
13.695
14.983
13.778
14.550
14.923
13.701
13.956
13.977
14.559
13.912
15.067
14.493
13.688
14.319
13.657
13.735
14.171
13.861
13.247
13.723
13.864
13.851
13.986
14.427
14.952
13.716
13.686
15.105
13.111
13.735
13.851
13.301
13.844
13.778
14.474
13.763
13.621
13.679
13.448
13.247
15.115
14.246
13.750
13.791
13.691
14.393
13.559
14.015
13.236
13.853
14.492
13.716
14.447
13.674
14.353
12.987
13.784
13.680
13.673
14.605
13.699
13.688
13.676
14.238
17.080
13.760
14.283
13.856
13.860
13.208
15.309
13.002
13.524
14.462
13.855
13.803
13.298
13.776
15.944
13.766
13.860
13.838
13.761
14.156
13.689
13.850
13.703
13.696
15.022
13.621
15.027
13.701
13.624
14.937
13.846
13.731
13.740
13.785
13.852
13.620
13.432
13.770
14.395
14.953
14.015
13.674
13.771
12.919
13.727
13.840
13.856
14.154
13.696
13.756
14.149
14.491
13.302
13.067
14.232
13.758
13.200
14.091
13.689
14.072
13.587
13.283
13.403
13.546
13.682
14.004
13.045
13.170
13.769
14.673
13.759
13.711
13.735
13.788
13.696
13.163
13.784
13.059
13.292
14.138
13.593
13.158
13.528
13.318
13.250
13.170
13.946
13.192
13.053
13.802
12.912
13.121
13.129
14.195
13.885
13.816
14.459
13.665
13.846
13.843
13.775
13.075
13.603
14.162
14.521
13.310
13.851
13.160
13.618
13.173
13.123
14.369
13.635
15.601
14.894
13.764
14.022
15.134
15.420
13.784
13.005
14.016
13.792
14.633
13.040
13.158
13.147
13.364
13.662
13.850
15.343
13.668
13.923
13.765
13.842
12.980
13.779
13.999
13.223
12.671
13.751
13.759
13.124
14.933
13.086
13.539
13.177
13.808
13.810
13.146
14.569
14.526
14.539
13.856
13.997
14.403
13.160
13.851
15.480
13.801
13.458
13.749
13.140
13.229
13.997
13.583
13.813
13.926
13.807
13.139
13.724
15.027
13.069
14.496
13.205
13.238
13.769
13.149
13.923
14.015
13.843
13.692
13.774
13.826
13.657
15.457
13.606
13.538
13.624
14.357
13.745
13.688
13.533
13.836
14.454
13.706
14.241
13.301
13.727
13.677
14.960
13.638
13.580
13.741
14.345
13.606
13.705
13.566
13.685
13.465
13.789
13.777
13.676
14.307
13.344
13.510
13.772
15.421
15.554
15.073
13.774
13.612
13.562
13.018
13.322
14.329
14.246
13.874
13.698
16.758
13.713
13.787
13.888
13.782
13.754
14.394
14.265
13.716
13.804
13.853
13.696
14.634
13.541
13.727
13.734
13.715
13.664
13.699
14.922
13.759
13.872
13.711
13.548
13.631
15.452
13.839
14.943
13.767
13.684
14.891
13.759
13.687
13.732
13.796
13.689
13.552
13.777
13.556
13.834
13.384
13.545
13.611
13.851
13.720
13.694
13.463
13.563
13.761
13.614
13.680
13.633
14.398
13.727
13.546
13.566
13.908
13.451
13.254
13.687
13.705
13.789
13.787
13.620
13.689
13.635
13.760
13.620
13.635
13.781
13.861
13.488
13.856
13.549
13.766
13.797
13.873
13.696
14.228
13.045
13.860
13.955
13.851
13.820
14.483
13.481
13.824
14.025
13.727
13.787
13.852
13.848
13.459
15.591
15.480
13.721
14.224
13.711
13.230
13.753
13.966
13.686
14.924
13.578
13.793
13.592
13.574
14.621
13.554
13.751
13.226
13.855
16.115
14.218
13.756
13.551
13.540
13.713
13.605
13.779
13.617
15.475
13.678
13.088
14.090
13.024
13.608
13.592
13.776
13.972
13.739
13.889
14.074
13.861
15.038
14.392
14.174
14.274
13.830
13.697
13.763
14.318
14.322
13.758
13.644
13.915
13.678
13.745
14.410
13.761
13.904
13.860
13.595
14.305
13.778
13.156
13.163
13.162
13.618
15.486
13.217
13.851
13.703
13.942
13.706
13.948
13.941
13.693
13.673
13.599
13.717
15.709
13.799
13.706
12.971
13.643
15.008
13.810
13.613
13.700
13.645
13.708
13.620
13.725
15.106
13.836
13.778
13.686
13.626
13.696
13.508
13.693
13.841
13.768
13.863
14.456
16.346
14.369
13.696
13.847
13.600
14.319
15.034
13.840
13.765
13.149
14.075
14.481
15.870
14.252
13.565
13.978
13.520
13.811
13.095
13.839
13.983
13.698
13.851
13.706
14.407
13.524
13.698
13.843
13.612
13.708
13.644
13.696
13.594
14.847
13.629
13.676
13.695
13.557
13.625
13.634
13.835
15.017
13.756
13.557
13.992
14.696
13.766
14.322
13.642
13.775
13.155
13.544
13.740
14.596
14.989
13.361
13.717
13.783
13.702
15.655
13.665
13.764
13.681
13.877
13.826
14.837
16.196
14.912
17.281
13.845
13.593
13.550
13.768
14.437
13.194
13.709
13.712
14.772
14.331
14.803
13.769
13.611
14.869
13.403
13.760
14.289
14.016
14.800
14.301
13.666
13.637
13.747
13.931
13.661
13.902
14.895
14.844
13.871
13.617
13.692
13.712
13.822
13.674
14.632
14.169
13.904
13.779
13.923
14.026
13.742
13.599
13.993
14.225
13.590
13.676
12.975
13.781
13.855
14.216
13.820
13.735
14.397
13.609
13.750
14.234
14.795
14.081
13.852
13.631
13.604
13.688
13.612
13.668
12.986
13.771
13.613
13.697
13.775
15.551
13.542
13.747
13.648
13.592
13.621
13.840
13.747
13.654
13.846
13.651
13.087
13.719
13.849
13.714
13.526
15.078
15.173
13.540
13.675
14.188
13.001
13.673
13.686
13.817
13.739
13.630
14.877
13.609
13.743
13.779
13.749
13.744
14.326
13.690
13.083
13.848
13.697
13.582
13.700
13.930
13.768
13.849
13.889
13.638
13.540
13.758
13.153
13.569
13.638
14.917
13.773
14.165
14.349
13.871
13.674
14.360
13.425
13.624
14.788
14.316
13.088
13.824
13.615
13.570
13.698
13.683
13.697
13.529
13.668
14.877
13.700
13.534
13.667
14.087
13.612
13.571
13.681
13.809
13.771
13.703
14.733
13.085
14.337
13.661
13.513
13.664
13.696
13.651
13.539
13.527
13.647
14.476
13.545
14.867
13.863
13.379
13.611
14.371
13.785
13.856
13.777
14.335
13.717
13.582
13.661
13.123
13.617
13.625
13.778
13.892
13.897
13.877
13.794
13.779
13.809
13.744
14.333
13.598
13.538
13.598
15.802
14.570
13.245
14.025
13.671
14.109
13.700
13.772
13.557
13.693
14.335
13.693
13.712
13.837
13.809
13.770
14.328
13.509
13.637
14.985
15.097
13.778
13.770
13.783
13.747
13.541
13.775
15.867
13.154
13.655
15.903
13.784
13.217
13.847
14.427
13.656
13.885
13.847
12.981
13.790
13.747
13.240
14.993
14.057
13.149
14.951
13.606
14.442
13.693
13.777
13.695
15.734
13.597
13.792
13.769
13.736
13.784
13.146
13.660
13.531
13.753
13.744
13.746
13.766
13.853
14.402
14.373
13.880
13.727
14.253
13.742
14.297
15.092
16.708
14.785
14.705
13.859
13.694
13.234
15.181
13.769
13.811
13.689
13.712
13.983
13.980
13.849
13.799
13.791
13.432
13.849
13.752
13.918
14.205
13.714
14.264
14.005
13.771
13.778
13.922
13.778
13.582
13.612
13.923
13.791
13.775
13.870
13.614
13.690
13.762
13.750
14.015
13.946
13.782
13.996
14.005
15.038
13.667
13.754
13.535
13.242
14.498
13.760
13.933
15.017
13.240
13.848
13.817
13.538
13.947
13.766
13.912
13.074
15.021
13.618
13.764
13.082
15.064
13.621
13.997
13.203
13.611
13.934
13.923
14.374
14.474
13.757
13.850
13.910
15.222
13.662
14.479
13.849
13.559
13.469
13.552
14.082
14.170
13.759
13.755
14.412
14.338
15.407
13.150
13.796
14.231
13.568
13.829
13.284
15.091
13.314
14.348
14.461
15.095
13.461
13.772
15.642
13.650
13.767
13.621
15.034
14.408
13.628
13.886
13.835
15.643
13.694
13.946
13.695
15.381
14.404
14.446
15.339
13.931
13.928
14.326
13.972
13.597
13.865
13.656
14.191
13.544
13.724
14.311
13.822
13.242
14.545
13.778
13.771
14.096
13.847
13.812
13.773
13.797
13.707
13.168
14.114
13.595
13.995
13.928
13.854
13.709
14.627
13.344
13.894
13.851
13.779
13.012
14.306
13.554
15.098
13.848
13.701
14.490
15.108
14.984
13.712
15.694
13.830
14.315
13.789
13.767
13.454
13.707
14.081
13.663
13.012
14.428
13.802
14.532
13.777
13.693
13.140
14.223
13.593
13.777
13.685
13.708
13.842
13.607
13.845
13.170
13.948
13.972
13.933
13.939
13.846
13.924
13.197
13.871
13.696
14.006
13.933
14.921
13.760
13.029
14.984
13.705
13.849
13.802
13.372
13.826
13.698
13.781
13.513
13.928
14.013
13.765
13.766
14.397
13.850
13.727
13.615
14.472
13.865
19.967
13.766
13.761
13.773
13.776
13.686
13.678
13.665
13.501
13.288
13.856
13.690
13.923
14.425
13.606
14.169
13.693
13.718
15.164
14.012
13.761
13.036
13.641
13.763
14.288
13.696
13.398
13.628
13.696
14.261
14.293
14.182
13.690
14.005
14.115
13.770
13.710
13.647
13.975
15.626
13.297
14.281
13.655
13.282
13.531
13.248
13.696
14.120
13.565
13.772
14.827
13.545
14.443
13.778
13.923
15.621
13.304
13.923
13.904
13.845
15.745
14.331
13.924
15.437
14.076
13.707
13.493
13.703
13.190
13.784
13.821
13.702
13.836
14.296
14.405
13.609
13.820
14.284
13.630
13.830
13.768
13.596
13.969
13.781
13.697
13.762
13.707
13.694
13.156
13.599
13.697
15.042
14.372
13.778
13.186
15.149
13.326
13.772
13.816
13.325
13.575
13.679
13.913
15.250
13.783
13.067
13.929
13.255
14.385
13.851
13.641
13.841
13.222
13.587
13.896
13.811
14.026
13.604
14.182
13.711
13.772
13.686
13.951
13.789
13.831
13.593
13.985
14.400
13.761
13.773
13.778
13.938
15.524
13.577
13.769
13.251
13.780
13.691
15.190
13.997
13.756
14.112
13.626
14.286
13.159
13.710
13.692
14.235
13.728
14.007
13.606
13.706
14.367
13.212
13.345
13.292
13.782
13.789
14.456
13.623
13.842
13.950
13.787
13.060
14.802
19.167
14.412
13.769
13.848
13.624
13.673
13.738
14.036
13.852
13.395
13.636
13.642
14.099
13.500
13.616
13.737
14.390
13.837
14.471
13.739
13.992
13.582
13.700
13.865
13.552
13.644
14.369
13.647
13.851
13.764
13.702
14.953
13.539
13.810
13.242
14.321
14.597
13.629
13.617
13.509
14.954
14.398
14.404
13.854
14.877
13.527
13.873
13.509
13.779
13.708
14.405
14.887
14.232
13.632
13.560
14.463
13.616
13.629
13.685
13.859
13.775
13.444
13.574
13.561
13.691
13.545
13.591
13.761
14.447
17.275
14.325
13.699
13.743
14.615
13.549
16.270
13.741
13.628
13.599
13.967
13.773
13.453
13.648
13.671
13.698
13.797
13.895
13.767
14.394
13.598
14.523
13.809
13.695
13.622
13.736
13.686
14.320
13.557
13.860
13.856
13.895
13.677
13.784
13.671
14.450
13.784
13.603
13.795
13.829
13.671
13.678
13.634
13.528
14.153
13.767
14.253
14.684
14.447
13.683
14.719
13.747
13.687
13.689
14.882
13.695
13.691
13.552
13.628
13.655
13.695
13.730
13.613
13.614
13.646
13.616
13.635
13.764
13.846
13.056
13.808
14.250
13.233
15.013
13.613
13.762
15.001
13.841
14.412
13.691
13.776
13.553
13.853
13.616
14.308
13.725
13.286
13.776
14.080
13.622
13.629
15.748
14.313
13.774
15.620
13.835
14.875
14.490
13.778
13.895
15.169
13.681
13.716
13.527
14.258
13.549
13.644
13.897
13.688
13.862
13.994
13.477
13.554
15.088
13.739
13.981
13.709
13.938
14.908
14.340
13.702
14.329
13.416
13.839
14.886
13.689
15.024
13.923
13.628
13.387
13.430
13.703
13.710
13.538
13.748
13.666
13.778
14.314
13.706
14.635
13.593
13.766
16.515
12.995
14.399
13.609
14.320
13.851
13.847
14.252
13.622
13.592
15.005
14.922
13.621
13.214
14.387
13.782
13.690
13.702
13.658
13.696
13.608
13.757
14.318
13.579
13.616
13.858
13.291
14.081
13.895
13.635
13.602
13.738
13.691
13.747
13.455
13.770
13.777
14.949
13.775
13.741
14.285
15.968
14.010
13.841
13.698
13.613
13.772
13.848
13.185
15.134
13.553
14.219
15.041
13.706
13.383
13.421
14.250
13.378
13.648
14.113
13.733
13.631
13.777
14.931
13.844
13.540
14.139
13.788
13.858
13.724
13.604
13.602
13.681
13.149
15.005
13.704
13.611
13.644
13.706
13.503
13.686
13.521
14.245
13.149
14.751
14.440
13.716
13.764
13.754
13.631
15.799
13.624
13.705
17.090
13.531
13.758
13.800
13.679
13.902
13.694
14.468
14.961
13.552
13.917
13.691
13.848
13.555
14.395
13.065
13.531
13.805
14.986
15.087
13.667
14.467
15.540
13.694
13.631
14.864
13.624
14.247
13.855
13.562
13.569
13.630
13.747
13.624
14.370
13.781
13.656
13.610
13.180
14.337
13.616
13.693
13.689
14.935
14.226
13.741
13.544
13.716
13.706
15.087
13.761
14.055
13.763
13.449
14.754
14.024
13.847
14.001
13.697
13.671
13.510
13.752
15.108
13.753
12.925
14.248
13.735
13.580
13.690
14.379
13.473
13.684
14.135
13.549
13.500
13.708
14.409
13.843
13.469
14.952
13.703
13.399
13.553
13.707
13.728
13.007
13.905
13.075
13.837
13.774
14.500
14.403
13.771
13.088
13.378
13.778
13.015
14.877
15.118
13.542
14.930
13.581
13.621
13.769
15.010
13.764
13.701
13.766
15.105
13.555
14.237
13.758
13.691
13.632
13.574
14.399
13.223
13.639
13.732
13.082
13.201
13.519
13.937
13.103
13.692
13.855
13.221
13.693
13.688
13.951
13.219
13.702
14.464
14.132
14.304
13.654
13.404
14.085
15.273
12.996
14.402
12.992
12.994
14.534
13.909
13.880
13.009
14.364
13.907
13.821
13.282
13.766
13.784
13.763
14.009
13.146
13.930
13.771
13.223
13.088
13.139
13.770
13.001
13.558
14.395
13.065
13.306
13.842
13.597
13.861
15.108
13.807
13.941
13.127
13.934
13.647
13.661
13.059
13.470
14.012
13.936
14.006
13.970
13.644
13.568
14.401
13.711
14.585
13.842
13.222
13.806
13.789
13.237
13.067
14.388
14.366
13.335
13.552
13.346
14.491
13.935
14.222
13.827
13.119
13.771
13.710
15.134
13.888
13.772
13.881
13.742
14.060
13.706
13.535
13.738
13.660
13.768
13.938
14.005
14.645
13.731
13.718
14.389
13.690
13.275
13.811
14.015
13.847
14.296
13.775
13.716
13.701
13.691
15.076
13.708
13.688
13.810
14.330
13.943
13.625
13.740
13.089
13.785
13.783
13.697
13.733
13.725
14.396
14.295
13.638
13.855
13.622
14.554
13.148
13.631
13.763
14.357
13.952
14.355
13.849
13.150
14.839
13.693
13.873
14.018
13.696
13.888
13.798
13.165
14.148
15.057
13.840
13.753
13.627
13.859
14.029
13.690
13.865
13.611
13.776
14.179
13.744
14.033
13.626
14.150
13.782
13.917
14.369
13.721
14.288
13.604
13.764
13.775
13.472
13.807
16.387
13.819
13.428
14.311
14.026
15.102
13.691
13.233
13.715
13.702
14.064
13.857
14.308
13.710
13.081
15.566
14.983
14.044
13.073
13.622
13.837
14.650
13.922
13.074
13.526
13.625
14.934
13.175
13.724
13.863
14.006
13.768
13.754
13.078
13.864
13.699
13.564
13.851
13.931
15.032
13.870
13.733
13.307
13.813
13.844
13.669
13.683
14.942
13.777
15.236
14.193
13.840
13.770
13.170
14.247
13.578
13.087
13.778
13.768
15.677
13.191
13.149
14.418
14.073
13.769
13.697
13.806
14.428
13.241
13.160
14.258
13.850
13.705
13.150
13.809
13.106
13.875
13.113
13.760
13.625
14.573
13.956
13.618
13.616
13.861
14.003
14.256
15.751
13.767
15.147
13.673
15.071
13.856
13.555
13.915
13.228
13.696
14.443
13.858
13.727
13.966
14.032
13.747
13.695
13.721
13.744
14.372
13.768
14.995
14.241
14.370
14.832
13.612
13.857
13.763
13.772
13.817
13.694
13.915
13.442
13.373
14.059
14.384
13.681
13.529
13.842
14.422
13.856
13.728
14.970
13.088
13.744
14.795
15.008
13.765
14.016
13.710
13.864
13.779
13.779
13.674
13.862
13.853
13.774
13.791
13.851
13.319
14.238
13.665
14.298
13.191
13.592
14.006
13.874
13.172
13.694
13.723
13.780
13.272
14.406
13.693
13.789
14.008
13.770
13.604
13.919
13.918
13.173
13.846
13.757
15.157
14.365
16.284
13.859
13.610
14.517
13.596
14.333
14.469
14.448
13.668
13.997
13.619
13.158
13.731
13.556
13.273
13.714
15.666
13.777
13.522
14.301
14.517
13.850
13.612
13.790
13.543
14.001
15.004
14.233
13.794
13.736
14.176
14.980
15.866
13.631
13.891
13.672
14.500
14.557
13.871
13.631
15.168
14.980
13.702
13.713
13.778
14.995
13.838
13.733
15.160
13.524
13.856
13.540
13.936
13.778
13.854
15.648
13.696
13.773
13.782
13.226
13.771
13.347
13.707
15.052
13.565
13.987
13.838
13.727
13.688
13.739
13.722
14.936
14.478
13.779
14.404
13.714
14.384
14.437
14.472
13.756
16.294
13.713
13.170
13.962
13.696
13.150
13.891
13.815
13.716
13.839
13.852
13.742
13.890
13.231
15.492
13.778
14.314
13.807
13.861
13.883
13.980
13.752
13.952
13.696
13.544
13.741
13.830
13.932
15.175
13.938
13.769
13.532
15.044
14.021
13.773
13.252
13.712
13.612
13.130
13.700
13.829
13.154
13.709
13.703
13.687
13.727
14.968
14.925
13.854
14.572
13.606
13.787
13.661
14.404
13.437
13.698
13.597
14.166
13.785
13.331
15.022
13.770
13.617
13.696
13.985
13.111
15.018
13.941
13.171
14.227
14.487
13.740
13.824
13.079
13.713
14.950
13.968
13.850
13.948
15.011
13.850
14.431
14.441
14.462
14.357
14.628
14.317
14.399
14.560
13.709
14.229
14.099
13.693
13.707
15.017
13.611
13.691
13.831
13.695
14.390
14.552
13.661
13.156
13.635
13.077
13.577
15.143
13.366
14.128
15.341
13.685
13.855
13.772
13.750
13.829
14.947
13.708
13.954
13.706
13.780
13.789
13.735
13.594
13.805
13.768
12.982
13.944
13.686
14.371
15.483
15.811
13.779
13.868
13.773
13.465
13.686
13.552
13.697
14.206
13.608
13.866
13.370
14.832
13.571
13.600
15.062
13.552
13.770
13.851
12.910
13.850
16.280
13.302
13.619
13.532
15.015
13.802
13.781
13.757
13.596
13.553
13.563
14.134
14.448
14.042
14.406
14.243
13.690
13.685
13.623
13.509
13.705
13.696
13.688
16.690
13.557
13.683
13.645
13.828
13.739
13.545
13.634
13.720
13.746
13.677
13.698
13.771
13.170
13.099
14.556
14.381
13.604
13.538
14.233
13.596
13.862
13.684
13.749
14.305
13.183
13.709
13.691
13.720
14.067
13.737
13.214
13.689
14.396
13.820
13.747
13.696
13.709
13.842
14.243
13.136
13.752
13.768
13.783
13.048
13.703
13.698
13.699
13.697
13.622
14.942
14.244
14.213
13.577
13.680
13.716
13.753
13.708
13.664
13.399
13.624
13.619
13.447
14.927
13.746
13.729
13.535
13.248
13.767
13.012
14.429
13.829
13.758
16.415
13.685
13.603
13.705
14.954
13.774
13.682
14.968
14.397
14.905
14.003
13.893
13.921
13.665
15.037
13.296
13.085
13.706
13.811
13.740
13.614
13.708
13.780
13.832
14.476
13.937
15.012
14.294
14.168
13.734
13.803
14.614
14.942
13.738
13.778
13.768
13.621
14.314
13.680
14.321
13.510
13.566
14.961
14.240
13.635
14.346
13.599
14.170
13.686
13.820
13.784
13.829
13.083
13.673
13.612
13.832
15.553
13.861
14.292
13.851
14.311
13.743
17.215
14.400
13.439
13.639
13.764
13.675
13.975
13.717
15.225
13.481
12.997
13.665
14.387
13.666
13.706
13.861
13.520
14.711
13.832
13.784
13.625
13.619
13.756
13.774
13.541
15.025
13.699
13.520
13.848
13.695
13.712
14.238
13.896
13.591
13.777
13.621
14.512
13.892
13.840
13.944
13.619
14.247
13.874
13.941
14.390
13.591
13.448
14.917
13.671
13.625
13.788
13.474
14.240
13.788
13.729
14.292
14.637
14.181
13.766
13.532
13.871
13.675
13.542
13.619
13.923
13.936
13.504
14.626
13.617
13.662
13.686
13.561
14.416
13.695
14.943
13.033
13.685
14.155
13.659
14.471
13.726
13.704
14.480
14.013
13.921
13.694
13.769
13.832
13.615
13.768
14.978
13.544
13.976
13.614
13.706
13.668
13.747
14.927
13.858
14.474
13.888
13.649
13.634
13.569
13.693
13.582
13.602
13.848
13.644
13.675
13.073
13.808
14.482
15.091
13.542
13.831
14.327
13.423
13.638
13.713
13.680
13.628
13.588
14.445
14.011
14.277
13.829
13.884
13.448
13.831
13.822
13.920
13.700
14.851
13.742
15.141
13.711
13.079
13.683
13.608
13.448
13.857
13.768
13.696
13.712
12.968
13.764
13.704
13.775
13.686
13.691
13.718
13.938
13.627
13.867
13.944
14.418
13.616
13.696
13.854
14.357
13.671
13.758
13.611
13.662
14.768
13.611
13.652
13.837
13.779
13.709
13.695
13.624
13.563
13.598
13.586
13.770
13.363
13.665
13.177
14.276
13.784
13.777
15.410
13.696
13.814
13.626
13.686
16.415
13.695
14.014
13.820
13.610
14.170
13.874
13.714
13.796
13.535
13.311
13.686
13.881
13.796
13.700
14.636
13.592
13.944
13.777
13.938
15.039
13.532
13.696
13.707
14.404
13.693
13.832
13.774
13.842
13.607
13.092
14.445
13.849
13.541
13.840
13.705
13.775
13.540
14.473
13.698
13.841
13.686
13.785
13.690
13.742
13.740
14.222
14.943
13.738
14.197
13.505
13.774
13.937
13.627
14.922
14.280
14.363
13.613
13.687
13.745
13.776
13.881
13.885
14.485
13.790
13.822
13.975
13.801
13.925
13.853
13.304
13.834
13.840
14.060
14.419
13.927
15.618
14.895
13.295
14.342
13.695
15.163
13.860
13.222
13.938
14.074
13.929
15.799
15.123
13.387
13.541
13.095
14.991
13.578
13.834
13.682
13.771
14.491
14.304
13.934
14.258
13.778
13.791
14.971
13.840
13.777
14.321
13.087
13.686
13.768
13.623
13.789
14.325
14.861
13.702
13.131
14.991
14.130
13.913
13.204
13.785
13.899
15.336
13.778
13.980
15.777
14.418
13.575
13.361
13.956
14.401
14.271
14.395
13.220
13.526
13.571
14.984
13.668
15.235
13.860
13.068
14.026
13.691
13.094
13.872
13.742
13.392
15.166
13.493
13.847
13.701
13.671
13.779
14.414
13.848
14.969
13.652
13.687
13.525
13.706
13.209
13.752
13.634
14.946
13.709
13.741
13.841
14.366
13.695
14.240
13.769
14.007
13.791
13.761
13.745
14.860
14.015
13.849
13.861
13.737
15.024
13.949
13.892
14.242
14.981
13.784
13.612
13.128
14.572
13.242
14.111
13.712
13.849
15.645
15.256
13.707
13.675
14.206
13.784
17.006
13.718
13.780
13.859
14.006
14.418
13.776
13.903
13.702
14.284
13.688
16.119
14.901
13.872
13.937
15.033
13.918
14.404
13.547
13.712
13.332
13.903
13.629
13.808
13.613
13.919
13.704
13.308
13.972
13.161
14.002
13.886
13.286
13.689
13.823
15.077
13.633
13.937
13.759
13.658
13.800
13.896
13.632
13.826
13.559
15.593
13.620
13.857
13.771
13.916
13.735
13.199
13.933
15.149
14.146
13.683
14.375
14.036
13.819
13.820
14.212
13.925
13.686
14.543
14.479
12.845
13.667
13.935
13.903
14.078
13.672
13.775
14.018
13.867
13.995
13.705
13.151
13.796
13.886
14.455
13.726
13.773
13.854
13.838
13.873
13.839
13.900
13.702
13.658
13.607
14.017
15.656
15.427
13.460
14.981
13.816
13.979
13.234
14.579
14.013
13.861
13.860
14.428
15.486
14.180
13.233
13.851
13.988
13.818
14.048
13.748
13.611
14.041
13.898
13.776
14.235
16.525
14.190
15.043
13.934
13.703
13.827
13.341
16.603
13.739
13.304
13.615
13.232
13.853
13.750
13.785
14.112
13.080
14.383
13.638
13.757
14.328
13.846
13.785
13.783
13.613
13.815
13.693
13.843
15.104
15.814
14.513
15.112
13.549
14.008
13.879
14.627
13.909
13.805
13.847
12.984
13.842
14.943
13.773
13.197
13.713
13.964
13.930
13.331
13.733
15.441
13.879
13.307
13.077
13.688
13.869
14.374
13.868
14.642
14.755
13.926
13.841
13.647
13.226
14.084
13.698
13.687
13.978
13.548
13.682
13.274
15.172
13.946
13.659
14.962
13.300
13.816
15.191
13.778
13.781
13.856
13.995
13.568
14.464
13.838
13.843
14.238
15.171
13.687
13.618
14.459
13.775
13.773
13.809
13.863
13.466
13.170
14.426
13.861
13.642
14.458
13.768
13.895
13.761
13.295
13.301
14.268
13.796
13.652
13.535
14.686
13.805
13.849
14.368
14.647
13.691
13.666
13.716
13.824
13.607
13.861
13.836
14.853
13.871
13.698
13.811
13.951
13.909
13.757
13.477
13.778
13.859
13.680
13.701
13.614
13.175
14.825
13.954
13.940
13.786
13.838
14.523
13.693
14.078
14.076
13.667
13.986
13.908
13.783
13.609
14.629
13.772
14.198
14.098
13.714
13.760
13.950
13.749
13.685
13.763
13.829
13.857
13.748
13.771
14.098
13.160
13.952
13.226
13.349
14.466
13.734
14.469
13.222
13.763
13.778
13.604
13.782
13.741
13.840
15.165
13.994
13.681
14.003
13.562
13.240
13.818
13.777
14.320
13.701
13.813
13.852
15.457
14.294
13.097
13.969
13.754
14.446
13.717
14.957
13.738
14.424
13.966
14.227
14.336
13.977
13.750
14.174
13.482
15.011
13.746
13.911
14.352
13.764
14.479
