latency
47.189
15.598
15.786
15.897
26.602
15.801
15.401
15.694
16.978
15.350
16.244
15.621
17.219
15.440
15.567
17.443
15.972
15.999
15.972
15.675
15.789
15.764
15.616
15.953
16.122
16.062
15.442
15.789
15.537
15.979
16.170
15.669
15.697
15.603
16.457
16.779
15.781
15.644
16.469
17.159
17.655
15.759
15.617
15.293
15.737
15.723
15.737
15.776
17.855
15.765
15.761
15.674
15.733
16.512
15.957
15.980
15.637
15.602
16.091
16.230
16.106
15.603
15.863
15.894
18.986
15.686
16.063
16.871
15.922
15.890
15.655
15.477
16.499
15.582
15.417
15.874
15.412
15.943
15.627
15.848
15.692
16.363
16.119
15.755
15.588
17.301
15.924
15.197
15.340
15.746
15.861
16.032
16.702
16.637
15.655
15.661
15.744
15.939
16.421
17.326
16.736
15.546
15.538
15.981
16.085
16.485
15.873
15.984
15.987
15.443
17.232
15.504
16.576
15.824
15.412
20.646
15.782
16.057
15.915
15.160
16.894
15.876
15.706
16.091
15.720
15.845
15.549
15.649
15.325
15.407
15.750
15.768
15.763
15.392
15.803
15.209
16.620
15.484
15.625
15.355
15.886
16.708
15.668
15.758
15.463
15.969
15.535
15.684
16.846
16.093
15.917
16.273
17.115
15.815
15.514
16.555
15.781
15.511
15.819
15.922
15.600
16.476
15.939
16.053
16.522
16.178
15.702
17.064
16.213
16.660
15.876
15.353
15.664
15.545
15.655
15.999
16.838
15.644
15.749
15.819
15.855
15.912
15.905
16.716
15.554
15.562
15.689
15.912
15.601
18.024
17.218
15.400
16.236
15.514
16.041
15.838
15.521
19.669
15.627
15.831
15.948
16.695
15.470
15.670
16.588
15.704
15.784
15.496
16.161
15.591
16.578
15.565
15.742
15.794
15.211
15.762
15.423
15.540
16.849
15.561
15.725
15.237
15.261
16.591
15.728
16.975
15.666
17.139
17.431
15.709
16.075
15.784
15.777
16.459
17.102
16.005
16.571
16.582
17.373
15.748
15.631
15.706
15.591
17.216
15.801
15.770
15.749
15.932
16.354
15.723
16.376
15.575
16.060
15.441
18.876
15.690
17.147
16.567
15.583
15.778
15.490
15.524
15.457
16.325
16.973
15.889
15.925
15.657
15.545
15.411
16.931
15.356
16.418
15.897
16.094
15.457
17.202
15.622
15.923
16.296
15.599
15.835
15.572
15.663
15.723
15.665
16.169
16.706
15.737
15.921
15.933
15.789
15.717
16.386
15.915
16.235
15.142
16.961
16.539
15.686
15.529
16.073
15.909
15.519
15.614
16.381
15.395
15.448
24.580
15.493
16.387
15.921
16.090
15.603
15.617
15.423
15.590
16.779
15.669
15.218
15.464
15.161
16.810
17.083
15.828
15.602
15.725
15.718
15.601
15.704
15.840
15.803
15.922
15.565
16.713
16.493
17.121
15.702
18.313
16.129
15.634
15.283
16.686
15.502
15.851
15.579
15.212
17.083
15.893
16.074
15.888
15.609
15.527
15.632
15.485
16.015
15.716
15.951
15.698
15.733
15.996
15.500
17.047
15.697
15.883
15.884
15.967
15.891
15.859
15.651
15.300
16.157
15.473
16.588
15.614
17.064
16.111
15.510
15.604
17.574
15.801
17.021
15.460
16.707
15.465
15.555
15.871
16.322
16.381
15.624
16.200
15.918
15.920
16.424
15.546
15.086
16.498
19.244
15.931
16.084
15.571
15.696
15.758
18.940
15.842
15.661
15.774
16.003
17.151
15.638
23.578
15.727
16.479
16.180
15.640
15.780
15.456
15.736
16.239
17.178
15.666
16.018
16.225
15.974
15.688
15.778
15.661
15.685
15.796
18.021
15.400
17.126
15.919
15.311
15.958
15.792
15.407
16.610
17.198
15.808
15.725
15.594
16.003
15.384
15.774
15.851
16.821
15.446
15.469
16.515
15.613
16.766
16.146
15.588
15.870
15.469
15.795
15.491
15.507
16.055
15.769
15.966
15.931
15.701
17.111
16.094
15.851
15.903
15.668
15.894
15.521
15.700
15.763
15.618
15.573
15.763
15.587
16.372
15.551
15.634
15.469
15.786
15.935
15.547
15.612
15.631
15.856
15.833
15.517
15.621
15.356
15.694
16.603
17.307
16.764
15.655
15.567
15.517
15.968
16.009
15.831
15.685
15.747
15.631
15.895
16.776
15.703
15.608
15.816
15.969
17.095
15.462
15.831
15.801
15.241
15.891
15.420
17.304
15.494
18.012
15.523
15.641
15.962
16.908
16.209
15.787
16.190
15.825
17.409
16.113
15.960
15.783
18.267
15.839
15.495
15.932
15.778
15.877
15.880
16.142
15.798
17.171
15.975
17.771
16.065
15.799
15.462
15.729
15.514
16.017
15.463
15.902
15.830
15.911
15.437
15.721
16.099
15.902
16.047
15.458
16.002
16.660
18.133
15.809
15.615
15.909
15.470
15.670
15.457
15.700
15.329
15.410
15.180
16.431
15.936
15.785
15.544
15.662
15.567
15.705
15.709
16.264
15.695
15.979
16.016
16.139
16.237
16.340
15.703
15.456
16.335
15.897
15.854
15.814
17.036
16.094
16.497
15.667
16.070
15.503
15.568
15.992
15.679
16.017
15.433
16.278
15.526
16.168
15.350
16.183
16.218
15.713
16.168
16.422
15.644
15.850
15.359
15.856
16.427
18.726
16.960
15.818
17.633
15.556
15.686
17.113
15.620
15.617
15.967
16.123
16.023
15.732
15.777
16.027
16.749
16.158
15.654
16.190
16.067
15.635
15.791
16.557
15.343
16.062
16.280
15.533
15.957
16.634
15.187
15.967
15.193
15.890
15.726
15.267
16.683
15.758
15.685
15.896
15.286
16.861
16.791
15.352
15.871
16.114
15.667
16.582
15.588
15.676
15.644
15.382
15.918
15.982
15.922
15.843
15.844
15.542
15.695
15.586
15.452
15.428
15.696
16.041
16.057
15.421
15.631
15.148
16.851
15.238
15.986
17.077
16.406
15.821
15.918
15.696
17.005
15.688
17.734
16.405
17.055
15.543
15.940
15.757
16.460
15.809
15.757
18.923
15.675
15.776
15.644
16.622
16.997
15.947
16.014
15.627
15.427
15.855
15.820
15.428
16.335
15.485
16.118
17.178
16.115
25.839
15.585
17.109
15.654
16.232
17.428
15.860
16.387
16.080
16.046
15.434
15.737
19.281
16.094
15.483
15.995
16.227
16.093
15.605
16.136
15.668
15.941
16.543
15.968
15.541
16.033
17.459
16.115
16.607
16.006
16.307
15.651
15.796
16.024
15.803
15.474
16.383
15.810
18.656
16.456
15.801
15.964
16.012
15.669
15.493
15.964
15.444
15.793
15.845
15.775
15.727
15.575
16.548
24.710
17.327
15.221
16.031
15.397
16.013
15.931
15.299
15.702
15.830
16.495
15.849
15.335
15.488
15.987
15.509
16.832
19.722
15.504
15.743
15.716
15.988
16.315
15.882
15.697
15.764
15.636
15.763
15.492
15.807
15.687
15.810
16.816
15.933
15.749
15.417
18.053
16.490
17.735
15.898
16.140
15.623
15.977
16.192
15.808
15.843
16.549
16.135
15.481
15.514
15.592
15.402
16.007
16.818
15.684
16.585
15.564
15.690
16.628
15.663
15.723
15.713
15.645
16.001
16.879
15.875
16.577
15.596
15.610
16.026
16.708
16.154
15.714
15.597
16.057
16.005
15.567
16.369
15.338
15.697
16.015
15.855
15.617
15.419
15.682
16.136
17.502
17.215
16.239
15.881
15.737
16.443
15.674
16.670
15.316
16.153
15.724
16.299
15.541
16.058
15.578
16.589
15.450
15.611
16.057
15.263
15.403
15.919
16.072
15.294
17.040
15.882
15.993
15.211
15.833
15.885
16.303
16.352
15.470
15.304
15.549
17.459
15.339
15.903
15.636
15.464
15.670
15.799
15.891
15.536
15.796
15.163
15.916
16.139
15.577
15.556
15.840
16.139
16.257
16.346
15.951
15.637
15.578
17.339
16.176
15.681
15.518
15.694
16.408
16.040
15.771
16.217
25.677
15.890
15.696
15.826
15.914
15.782
16.129
16.175
15.612
15.678
15.515
19.480
16.333
15.770
15.902
15.658
16.747
15.666
15.920
17.304
16.765
15.195
15.616
15.888
15.984
17.031
15.851
15.566
15.825
15.758
15.603
16.029
16.161
15.380
15.964
16.829
15.304
15.724
16.651
15.377
17.484
15.543
15.646
15.543
15.774
16.477
15.461
15.820
15.712
15.489
15.753
15.687
15.512
15.530
15.666
15.918
15.585
17.532
15.514
15.513
15.510
16.092
16.147
15.613
16.369
15.464
19.219
16.179
15.429
15.940
15.663
15.693
15.646
15.840
15.710
15.935
16.156
16.050
15.824
15.689
15.770
16.179
15.869
15.411
16.644
15.765
15.521
16.055
16.081
15.861
15.602
15.591
15.721
17.130
15.903
16.344
15.704
15.844
15.880
15.959
15.498
15.516
16.139
18.188
17.538
17.012
15.908
15.801
16.340
15.525
16.954
15.863
16.169
15.830
16.168
15.496
15.881
15.489
15.741
17.506
15.827
15.617
15.686
15.842
15.479
15.404
15.352
15.936
15.320
15.961
15.603
15.439
15.933
15.702
16.222
16.176
15.510
15.985
15.682
16.263
15.737
16.572
15.682
15.626
15.721
15.768
15.763
15.529
16.070
15.805
15.883
17.590
16.911
15.889
15.600
15.640
15.978
15.314
17.162
16.032
15.765
15.576
15.794
15.714
15.730
15.362
16.219
16.471
16.012
16.401
15.884
15.747
15.816
15.971
16.314
15.651
15.543
17.098
16.161
15.921
15.471
18.798
17.053
15.611
15.926
15.350
15.597
15.676
15.708
16.238
15.909
15.932
15.573
15.552
15.421
15.904
16.853
15.633
15.792
16.122
16.509
17.736
18.473
15.572
16.950
15.439
15.627
16.373
15.738
15.810
16.810
15.962
17.000
16.015
16.570
15.781
15.763
15.979
16.406
16.221
15.705
15.426
17.722
16.404
15.924
15.958
16.007
15.757
15.554
15.660
15.510
15.869
15.859
15.438
15.683
15.115
15.589
15.645
15.621
15.773
15.830
15.788
15.997
16.384
15.515
15.404
16.989
15.680
16.005
15.554
16.147
16.051
15.541
17.522
15.851
15.777
16.026
16.002
16.150
15.921
15.941
15.672
15.967
15.738
15.481
15.996
16.245
16.748
16.825
15.448
17.008
15.718
17.334
15.815
15.662
16.764
15.785
15.958
15.803
15.566
15.967
15.656
16.663
15.932
16.658
15.755
16.015
15.838
16.328
15.589
16.012
17.088
16.005
15.509
16.448
16.005
15.518
15.222
18.128
15.893
16.082
16.027
16.168
15.861
16.088
16.672
16.886
15.647
17.008
15.921
15.730
15.985
15.830
15.339
15.561
15.942
15.759
15.967
16.234
16.175
15.773
15.934
15.605
15.198
15.972
15.663
15.858
15.374
16.018
15.706
15.435
16.637
15.943
15.893
15.442
15.941
15.867
16.264
16.541
15.694
15.290
17.634
15.952
15.516
15.620
18.296
16.819
15.394
17.382
16.636
16.061
16.296
15.208
15.644
15.228
15.744
16.101
15.045
15.922
15.798
15.582
16.559
15.476
16.312
15.647
15.838
15.585
15.558
15.540
15.613
15.859
18.996
15.510
15.655
15.669
15.732
15.653
15.175
15.054
15.761
18.543
15.718
15.675
15.315
15.572
16.533
15.809
15.428
15.773
17.797
15.784
15.541
15.834
16.064
16.408
15.838
15.915
15.632
15.797
15.550
16.129
15.503
16.904
33.568
15.484
16.529
16.403
16.337
15.635
16.955
15.463
15.548
21.984
15.818
16.132
15.564
16.258
16.302
17.601
15.563
15.792
15.983
16.134
17.273
15.875
15.849
15.939
15.749
15.521
15.522
15.820
15.454
19.336
16.246
15.907
15.711
15.740
15.631
15.373
16.106
15.902
15.905
16.138
15.328
15.715
20.062
15.930
15.616
15.354
16.266
15.820
15.888
15.733
15.435
16.172
15.935
15.351
15.890
16.211
17.273
15.737
16.611
15.800
15.862
16.644
15.595
15.896
16.356
16.629
16.044
16.253
15.690
15.989
15.717
16.098
16.488
15.505
15.376
16.296
21.568
15.925
17.090
16.577
15.358
15.561
15.836
15.674
15.583
15.682
15.906
15.729
15.582
15.732
15.631
15.541
16.399
16.432
15.569
15.747
16.074
15.809
16.740
16.108
15.761
15.936
15.511
15.823
15.824
15.744
15.585
15.802
15.720
15.593
17.277
16.426
15.664
15.646
16.332
16.024
17.158
15.259
15.709
15.018
15.852
16.232
15.534
15.533
15.278
15.342
15.257
15.223
16.458
16.635
16.302
16.029
17.028
15.566
15.563
15.917
15.923
16.613
16.087
15.957
17.395
15.800
15.862
15.311
16.557
17.119
18.416
16.137
15.773
16.036
15.831
15.871
15.951
15.476
16.131
16.268
15.622
16.141
15.899
16.282
15.918
16.585
15.592
15.863
15.494
16.136
15.659
15.903
15.552
16.442
15.874
16.028
15.671
16.225
15.945
15.980
15.541
16.225
16.514
29.582
15.528
15.999
17.381
15.778
15.505
15.531
15.621
15.294
15.799
15.624
16.756
15.885
16.816
15.738
15.593
15.635
15.643
15.453
15.901
16.008
15.373
15.790
16.167
15.475
16.027
15.844
16.686
16.125
15.988
15.681
15.681
15.714
15.990
15.982
15.853
16.460
16.675
15.879
15.762
15.654
15.631
15.837
15.534
15.544
18.467
17.183
15.400
16.376
15.786
15.603
16.767
16.185
16.423
16.623
18.060
15.606
16.077
15.830
15.681
17.225
15.408
15.511
17.252
16.187
16.431
15.577
15.838
16.268
15.812
15.981
17.262
15.657
16.374
15.499
16.253
15.871
16.558
15.802
17.209
16.100
17.160
15.728
16.099
16.752
16.765
15.881
15.533
15.485
16.216
15.407
15.544
16.944
15.693
16.954
15.466
16.007
15.714
15.907
15.562
15.993
15.932
15.942
16.320
15.716
15.941
15.931
15.862
15.843
16.017
15.967
15.912
15.650
16.158
17.124
15.627
15.269
15.321
15.409
15.960
16.525
16.334
17.250
15.600
15.799
15.927
15.876
16.829
15.495
18.031
15.956
16.257
16.212
15.666
15.246
15.909
16.924
15.923
15.902
16.314
15.597
15.660
15.801
15.758
16.923
16.823
15.598
15.958
15.727
15.917
16.169
15.932
15.680
15.946
15.662
15.806
16.630
16.650
15.601
16.250
15.847
15.684
15.450
15.823
16.278
15.601
15.773
16.206
15.969
15.711
15.598
15.964
15.610
15.809
15.948
15.727
18.117
16.758
15.771
15.386
15.826
16.387
16.206
15.762
17.776
15.733
15.981
17.252
15.074
15.635
15.663
15.818
16.211
15.583
15.721
15.501
15.133
15.516
16.933
15.912
15.736
15.567
15.868
14.992
15.808
15.394
15.724
15.678
15.839
15.566
16.194
15.605
15.882
16.252
15.992
15.622
17.161
16.476
17.462
15.772
15.594
16.238
15.691
15.761
15.634
16.547
15.552
16.913
16.094
15.701
15.738
15.538
15.641
16.422
15.553
15.603
15.548
15.461
15.748
15.726
17.146
15.648
15.534
15.362
15.467
17.908
15.448
16.470
16.813
15.506
15.534
15.572
15.626
15.521
15.852
15.629
15.550
16.093
16.467
15.760
16.042
15.030
15.540
15.809
16.229
15.706
16.178
16.196
16.268
15.950
20.201
15.954
16.012
15.136
15.248
15.661
16.327
16.006
17.059
16.007
17.232
15.727
15.191
15.737
16.604
16.437
16.129
16.248
16.014
15.655
15.593
15.701
15.286
15.653
15.450
16.493
16.242
17.829
16.278
15.676
15.651
15.194
15.707
16.829
16.116
17.394
16.031
15.619
16.315
15.057
16.032
16.183
15.913
16.108
15.349
15.578
16.025
15.878
15.408
15.742
15.624
15.585
16.268
15.603
15.736
16.789
16.566
15.350
18.280
15.806
15.642
17.803
15.665
15.294
15.620
15.872
15.504
15.986
15.662
15.628
16.193
15.864
15.581
15.763
15.640
15.759
17.906
15.497
15.531
15.951
16.433
15.670
15.682
15.984
16.103
15.524
15.373
16.392
15.821
15.818
15.959
15.746
17.883
16.269
15.512
15.543
15.688
15.666
16.221
15.669
15.860
15.989
15.855
16.448
15.934
15.929
15.972
16.372
15.470
15.999
15.526
15.779
15.603
16.156
15.389
15.385
15.371
15.513
16.184
19.867
15.901
15.744
15.526
15.411
17.150
15.709
15.287
15.865
15.716
16.150
15.548
15.547
16.602
15.420
16.008
17.754
17.023
15.670
15.587
16.662
15.950
15.612
15.407
15.966
16.454
15.646
16.568
16.062
17.247
15.881
15.717
15.731
15.800
15.837
15.931
17.918
16.448
15.588
16.958
15.967
17.257
15.776
15.765
16.032
15.779
15.963
15.810
15.634
16.303
16.903
15.716
15.648
16.177
16.427
16.221
15.555
15.750
15.966
16.510
15.859
18.201
15.954
15.348
16.924
16.234
15.919
15.494
16.022
16.808
16.148
16.057
16.451
15.619
17.565
15.594
15.751
15.656
15.657
15.935
15.979
15.799
16.196
15.421
15.348
17.294
15.549
15.611
16.374
16.687
15.855
15.510
15.510
15.478
16.030
15.923
16.241
15.344
15.869
15.707
15.497
16.161
16.598
15.743
15.613
15.624
15.552
15.506
15.845
16.207
15.207
16.659
15.792
16.331
15.381
16.239
15.912
15.327
15.902
15.740
15.900
15.879
15.602
16.025
15.742
15.525
15.478
15.604
15.834
15.742
16.049
15.867
15.537
16.851
16.034
15.517
15.215
22.995
15.705
20.377
17.830
15.989
15.675
15.651
15.268
15.375
15.973
15.772
15.675
16.099
15.198
16.034
15.824
15.842
16.318
15.844
16.092
18.544
16.019
18.331
16.089
15.592
15.456
15.520
16.173
16.064
16.441
15.246
15.887
16.016
15.967
16.472
18.285
15.463
15.788
15.793
15.948
15.264
16.501
15.925
15.663
15.572
16.158
15.418
17.113
17.866
18.478
16.046
16.339
15.972
15.658
15.934
16.371
17.737
17.866
15.753
16.097
15.468
15.803
15.852
16.482
16.155
16.006
15.887
15.438
16.519
15.487
15.988
16.731
15.745
15.740
16.052
15.803
16.647
18.292
16.532
15.765
15.871
15.869
16.693
16.109
15.802
15.397
15.840
15.929
15.925
15.608
15.937
17.062
15.813
16.218
15.754
18.089
15.502
16.997
16.965
15.792
15.789
15.470
15.605
15.674
16.599
15.860
15.346
17.194
16.016
15.789
16.049
16.258
16.490
15.855
15.213
16.059
15.324
16.047
15.922
16.213
16.074
15.743
18.760
17.348
15.820
16.101
15.643
16.098
15.627
15.755
16.244
16.290
15.338
15.463
15.463
15.758
15.852
16.203
15.680
15.665
16.568
16.648
17.370
16.196
17.062
15.934
15.827
15.688
15.935
15.462
15.578
15.642
16.954
16.211
15.608
16.056
15.934
15.860
16.771
16.231
16.364
16.164
16.347
15.429
15.844
15.033
16.026
16.481
15.764
16.335
15.695
15.709
15.937
16.093
15.978
15.746
15.934
16.191
16.001
15.871
15.936
15.549
16.077
15.490
18.377
16.263
15.992
15.604
15.497
16.170
15.853
15.837
15.715
15.469
15.891
16.193
16.307
15.508
16.017
16.617
18.086
15.661
15.846
15.799
15.543
16.264
15.637
16.766
15.779
15.816
16.021
15.744
15.467
15.630
16.115
15.667
17.232
15.965
16.707
15.922
17.874
15.777
16.409
15.782
17.341
15.407
15.569
15.716
16.159
15.986
15.603
15.725
16.260
15.745
15.882
15.826
15.745
17.113
16.017
15.575
16.076
15.663
15.643
15.505
15.894
15.441
15.940
15.810
15.962
15.503
15.760
15.807
15.768
16.493
15.959
16.423
16.129
15.225
15.750
15.292
16.178
16.053
15.854
15.417
16.484
15.302
15.685
17.089
15.585
15.647
16.378
15.853
16.112
15.685
15.702
17.614
15.892
15.843
15.770
15.517
15.885
15.958
15.534
15.914
15.698
15.523
15.770
15.840
16.014
15.517
15.800
15.682
15.734
16.633
15.563
18.203
15.885
15.883
17.249
16.005
15.633
19.075
15.773
16.154
15.590
15.980
16.562
16.510
15.553
15.682
15.655
15.723
16.640
15.717
15.964
17.416
17.001
15.552
16.129
15.409
15.833
16.186
15.560
16.329
16.217
15.912
15.908
16.199
15.852
15.918
15.925
16.647
15.781
15.351
15.833
15.953
16.507
15.940
15.645
16.001
15.961
15.933
16.245
15.397
15.856
15.958
18.217
15.843
15.531
15.768
15.614
15.431
16.840
15.968
15.755
16.795
15.727
17.212
16.208
15.533
15.757
15.848
15.555
15.570
15.789
15.125
15.052
15.655
15.528
16.400
15.754
15.801
15.617
15.682
15.716
16.593
15.531
15.402
15.662
15.907
15.825
15.908
16.193
15.450
16.393
15.959
16.280
15.783
15.887
15.554
15.969
15.496
15.513
15.645
15.603
16.371
15.365
15.366
15.419
15.733
16.029
16.176
15.785
16.007
15.693
15.581
16.126
16.134
15.611
16.256
15.648
15.646
15.913
15.526
17.396
15.314
15.705
16.555
15.521
15.693
16.026
15.986
16.429
15.703
15.662
16.402
15.360
15.749
16.716
15.901
15.761
15.718
15.888
15.673
16.213
16.334
15.410
15.462
15.825
16.288
15.473
16.163
15.546
15.865
15.787
16.063
15.500
15.769
16.050
16.637
16.472
15.438
16.276
16.047
15.763
17.398
15.778
15.891
15.462
15.753
15.541
16.058
15.448
15.326
15.624
16.875
15.692
15.823
15.906
15.445
16.281
17.125
16.285
15.129
15.268
15.455
16.018
15.426
15.982
16.647
15.736
18.891
15.180
15.644
15.658
16.363
18.164
16.403
15.782
15.755
15.809
16.751
15.898
15.950
15.687
15.814
16.697
15.644
15.270
15.984
15.270
16.041
15.861
15.779
15.706
16.122
15.977
15.490
15.762
15.681
16.032
15.702
17.249
16.131
15.459
15.786
16.290
16.108
16.154
17.162
16.061
17.247
15.873
16.137
16.018
15.886
15.763
15.604
15.665
15.938
15.710
15.282
16.431
15.954
15.372
16.121
15.414
15.772
15.824
15.820
17.771
16.098
15.864
16.641
15.637
15.665
16.035
16.284
15.595
19.729
17.094
17.241
15.795
15.683
15.842
15.812
15.633
15.768
15.664
15.653
15.995
17.549
15.992
16.013
15.925
17.242
15.524
15.574
16.204
15.915
16.363
16.193
15.490
15.514
17.498
15.910
16.207
15.489
16.301
15.722
15.492
16.329
15.806
15.537
19.770
17.342
16.586
16.139
15.729
16.864
18.089
15.949
15.957
15.778
15.495
16.219
16.217
15.820
15.801
15.988
15.644
16.904
16.521
15.847
15.808
17.396
16.028
15.446
15.925
15.509
15.818
15.971
15.733
15.747
15.877
16.603
15.521
15.659
16.013
16.709
24.135
15.991
15.252
15.933
16.038
15.851
15.541
16.924
17.050
16.059
15.908
16.335
15.727
16.210
15.843
15.785
15.334
15.831
15.766
15.927
15.449
16.162
15.565
15.513
15.448
15.829
15.769
17.266
16.117
15.533
15.982
15.723
15.723
15.495
15.936
15.845
16.011
16.097
15.797
15.466
15.605
15.545
15.589
15.933
16.422
15.921
15.655
15.429
16.124
16.120
17.126
15.693
15.877
15.500
16.578
15.854
15.823
17.135
15.302
16.829
15.738
16.050
16.272
16.440
15.457
15.608
15.463
15.970
15.851
15.588
15.868
16.233
15.727
15.975
15.877
15.793
16.547
16.024
15.988
17.401
15.644
15.806
15.857
15.872
16.579
15.407
16.050
15.727
15.751
15.721
16.148
15.927
15.571
16.188
16.274
16.008
15.317
15.877
16.026
15.881
17.518
16.104
15.645
15.726
16.046
17.271
16.106
15.562
15.771
15.849
16.468
16.180
16.314
16.547
15.616
16.484
15.560
16.020
16.123
15.426
15.678
15.713
16.545
16.189
15.915
15.876
16.490
15.737
15.846
16.024
17.191
15.754
15.849
15.476
15.743
16.624
15.589
15.696
16.954
15.487
15.620
15.789
15.862
16.157
16.761
15.655
15.470
15.624
16.063
15.806
16.305
15.445
17.182
15.997
15.977
16.020
16.031
15.866
15.945
16.277
16.239
23.104
16.014
16.019
15.781
16.709
16.194
17.096
16.132
15.678
15.229
16.884
15.747
15.735
16.279
16.163
15.715
16.452
17.034
15.548
17.777
15.669
15.465
16.129
17.524
15.272
15.404
15.771
15.819
15.885
16.195
15.949
15.978
15.799
15.994
15.467
15.727
16.074
15.787
15.881
15.329
15.663
16.063
15.699
15.702
15.743
15.836
16.030
17.232
15.937
15.617
16.116
15.750
17.011
15.505
15.745
15.848
15.796
17.521
16.031
15.509
15.435
15.903
15.740
15.436
15.456
15.809
16.543
15.664
15.749
15.495
15.648
16.583
16.318
15.458
15.445
16.285
15.203
16.398
15.804
15.801
16.875
17.118
15.522
16.322
15.641
15.859
15.812
16.595
16.033
16.361
16.234
15.540
15.955
16.108
15.979
15.535
16.683
15.580
15.406
15.738
15.936
15.902
22.256
16.069
15.723
15.513
15.849
15.515
16.070
15.948
16.551
16.130
15.861
15.665
16.081
15.923
17.389
20.025
15.692
15.838
16.810
15.493
15.586
16.081
15.938
15.563
15.798
15.962
15.546
15.839
16.229
15.909
15.896
16.242
16.121
15.803
17.147
16.359
15.962
15.383
15.930
15.751
15.819
15.731
16.191
15.676
16.040
16.741
15.647
15.965
15.463
15.999
15.649
16.313
15.789
15.511
15.916
16.427
15.772
15.845
16.110
15.820
15.931
15.984
15.425
16.099
16.644
15.748
16.985
15.893
15.962
16.268
15.575
16.016
16.864
17.036
15.832
15.795
15.779
17.414
15.709
15.584
16.053
16.191
16.695
16.373
15.505
16.047
15.408
15.598
15.417
15.714
15.799
15.796
16.194
15.946
15.513
15.474
15.665
15.612
15.739
15.823
15.934
15.453
15.603
16.224
17.339
15.992
15.845
16.259
15.927
15.844
15.544
16.559
15.441
15.908
15.479
15.694
17.227
16.246
15.739
16.220
15.562
16.046
15.327
15.708
21.129
15.542
15.987
15.912
17.285
16.163
15.755
15.703
16.639
15.493
16.127
16.037
16.733
16.698
15.210
16.765
15.489
15.510
15.660
15.919
16.990
15.122
15.497
16.859
16.448
15.363
17.035
16.304
16.030
16.031
15.653
16.316
16.440
15.264
15.448
16.649
16.475
15.281
15.479
15.601
15.336
15.782
15.391
15.711
15.914
15.621
15.825
15.868
16.275
15.719
15.496
15.473
15.380
15.610
16.593
15.407
15.690
16.203
15.872
15.270
15.809
15.932
15.509
16.040
15.407
15.531
15.706
15.577
16.261
15.918
16.330
15.895
16.433
16.137
16.011
15.852
16.830
15.660
15.902
16.026
15.795
15.666
18.108
15.842
15.687
17.414
15.854
15.776
15.771
15.931
15.252
16.105
15.692
15.825
15.692
15.795
15.700
15.504
15.510
16.407
15.858
15.677
15.296
15.492
15.651
16.481
15.404
17.149
15.723
15.941
15.781
17.733
15.935
15.778
16.129
15.863
15.819
15.830
16.703
17.526
15.444
15.841
15.813
17.441
15.974
15.597
16.170
15.812
17.601
15.735
15.933
15.797
15.706
16.819
15.778
16.088
15.409
15.705
15.546
16.104
15.812
17.105
15.536
15.811
18.006
15.692
15.684
15.908
15.908
15.503
15.721
16.509
15.770
15.645
15.482
15.697
16.395
16.046
15.689
15.952
16.361
15.871
16.185
22.282
15.493
15.356
16.297
16.219
15.194
16.100
15.409
15.815
15.861
17.356
16.089
15.794
15.745
15.666
16.058
15.438
16.244
15.864
15.874
15.905
15.784
15.552
15.312
15.292
15.934
15.933
15.971
15.920
15.651
15.677
16.200
15.871
16.119
16.361
15.212
17.250
15.701
15.855
16.276
16.665
15.394
15.949
15.676
15.886
15.715
15.580
15.337
15.900
15.648
17.199
15.605
15.733
15.506
15.713
16.490
15.800
16.161
15.976
15.410
15.923
15.840
15.857
15.385
15.809
15.835
15.219
15.721
16.858
16.046
16.045
15.524
16.320
17.097
15.597
15.804
15.977
16.058
17.142
15.794
15.640
15.299
16.169
15.925
15.788
15.845
15.605
15.800
16.176
15.765
15.419
15.760
15.509
15.843
15.778
15.218
17.113
16.067
16.730
15.789
16.056
15.946
16.703
15.619
16.161
15.820
16.063
16.954
16.087
17.268
15.638
15.471
15.823
15.968
15.820
15.728
15.932
15.723
17.100
17.255
15.711
16.200
15.542
15.545
19.332
15.696
15.767
15.695
15.830
16.059
15.600
15.665
15.505
15.249
16.358
16.138
15.429
15.523
15.757
17.748
15.704
15.878
15.578
16.068
15.589
15.882
15.495
15.933
16.157
16.752
15.808
17.273
15.851
16.177
15.855
16.097
16.105
15.915
15.416
16.284
15.918
16.904
15.744
15.751
15.826
17.363
16.122
15.521
17.169
16.479
15.949
15.471
15.788
15.792
15.383
15.634
15.453
15.646
15.794
16.379
16.205
15.637
17.146
18.065
15.899
17.481
15.525
15.593
16.519
15.432
15.757
15.252
15.692
16.991
15.768
15.514
15.811
16.127
15.518
15.933
16.173
16.081
15.510
15.879
16.505
15.917
16.107
15.905
15.634
15.974
15.559
15.865
16.215
15.799
15.621
16.000
15.868
15.732
16.087
16.079
15.680
15.629
15.757
15.552
17.022
15.598
15.642
15.477
15.820
15.838
16.837
17.094
15.556
16.168
15.775
17.401
15.666
15.832
16.033
15.797
15.685
15.886
15.566
16.066
15.950
15.744
15.305
15.271
16.663
15.585
15.566
16.193
15.665
16.004
16.851
15.300
16.269
16.331
16.040
16.994
16.070
15.872
15.623
15.166
18.272
15.833
16.376
15.537
15.789
15.985
16.800
15.895
16.242
15.403
15.913
16.353
15.595
15.708
15.924
24.112
16.115
15.470
15.829
15.697
15.526
15.985
16.004
15.921
16.414
17.118
16.119
15.610
16.368
15.908
15.562
15.580
15.849
20.591
24.663
15.427
15.641
16.067
15.968
15.451
16.266
16.028
15.842
15.349
16.008
15.841
17.114
16.722
15.283
16.800
15.612
16.129
15.401
16.086
15.901
16.156
16.482
15.490
15.374
16.100
15.809
16.206
15.655
15.644
16.630
15.602
16.152
15.593
15.620
15.782
15.894
15.407
15.769
15.781
15.732
15.687
15.634
15.721
16.068
15.791
15.187
15.735
15.710
15.861
15.362
15.999
15.820
16.460
15.898
15.702
15.977
15.867
15.810
16.212
16.010
16.147
15.964
16.006
15.867
15.455
15.671
15.460
15.841
17.141
15.564
15.767
15.779
15.608
17.741
15.745
16.776
16.594
15.672
15.429
17.326
15.046
15.701
15.479
16.554
15.793
15.732
15.509
15.747
15.848
15.473
15.917
16.105
15.525
15.565
15.592
15.157
16.416
15.895
16.918
15.693
15.510
15.676
15.689
16.108
15.699
16.066
16.049
16.119
15.700
15.775
15.772
15.687
16.216
15.718
16.052
16.732
16.847
15.758
16.013
15.555
15.906
15.673
15.415
16.244
16.094
16.026
16.242
16.132
15.584
16.149
16.639
15.913
16.346
16.016
15.966
15.895
16.449
16.049
18.317
15.647
17.435
15.919
15.159
16.317
15.555
16.042
17.029
15.957
17.454
15.820
16.084
15.473
15.802
15.652
15.339
17.111
15.603
15.915
16.045
22.612
16.104
15.974
15.585
15.678
16.067
17.109
16.651
16.361
16.045
15.582
15.581
16.180
15.665
18.663
16.067
16.393
15.634
15.766
15.934
15.871
15.970
15.984
15.969
16.049
16.108
15.487
15.344
16.072
15.892
15.302
15.943
15.957
15.824
15.980
15.575
16.784
16.445
15.683
15.788
16.000
16.176
15.428
15.791
15.430
15.607
16.097
15.631
15.752
15.876
15.776
15.775
15.660
16.674
15.914
15.772
15.778
15.721
15.345
16.096
15.998
15.896
15.839
15.706
15.951
15.786
16.080
16.272
15.398
17.051
15.705
16.087
15.748
15.774
15.989
15.993
18.818
15.385
15.895
16.084
15.791
15.574
16.275
15.721
16.636
16.791
16.196
15.863
15.788
17.956
16.060
15.912
17.270
15.325
16.843
16.004
16.287
15.702
15.808
15.627
15.886
15.789
15.500
15.547
15.205
15.417
15.605
16.015
15.735
16.170
15.691
15.322
15.660
16.252
16.709
16.469
15.716
15.651
15.800
15.366
15.352
15.902
17.057
17.002
15.870
15.258
16.109
15.981
15.634
16.020
15.565
16.080
17.087
16.175
16.919
15.754
16.734
16.417
15.763
15.615
15.840
15.924
16.366
16.075
15.848
17.297
16.042
15.339
15.231
16.355
15.801
17.252
17.510
16.247
16.322
16.168
15.663
15.789
15.757
15.655
16.147
15.651
15.874
15.893
15.988
16.069
15.976
15.968
15.860
16.793
15.521
15.792
15.253
15.511
16.058
15.490
15.993
17.108
16.050
15.785
22.686
16.130
16.900
16.335
16.071
16.232
15.632
16.329
16.003
15.748
15.661
15.911
16.323
17.531
16.107
16.484
15.912
15.426
15.528
16.571
15.777
15.918
15.655
15.594
15.744
15.955
15.820
17.358
15.548
16.166
15.512
15.527
16.018
16.256
16.361
15.936
15.450
15.972
15.541
16.121
15.697
16.073
15.985
16.067
16.191
17.067
16.062
15.901
15.448
15.788
15.870
17.398
15.713
15.907
15.890
15.670
16.104
15.815
18.005
15.788
17.321
16.206
16.174
15.850
16.396
15.764
15.736
15.961
15.702
15.843
16.486
15.279
16.240
15.796
15.527
15.439
17.214
17.598
15.980
17.086
15.728
15.780
16.283
16.051
15.931
15.474
16.625
15.736
15.821
16.085
15.755
15.835
15.689
15.827
15.997
15.871
19.106
16.082
15.074
17.265
15.706
15.770
16.278
17.169
15.552
17.024
16.150
15.552
15.784
15.671
15.516
15.893
15.645
15.531
16.004
15.930
15.583
15.735
15.964
15.625
15.419
16.080
16.098
17.086
16.430
15.718
15.873
16.059
15.536
16.443
15.655
15.376
15.443
15.748
15.456
15.991
15.995
16.434
15.723
16.029
15.469
15.178
16.590
16.147
15.570
15.884
16.091
15.714
15.711
17.145
17.639
16.113
15.772
15.568
15.809
15.758
16.034
15.663
15.402
16.082
15.077
16.342
16.076
15.453
15.784
16.263
15.912
16.511
15.847
15.442
16.058
15.396
16.179
15.988
17.500
15.792
15.706
15.570
15.793
15.985
15.918
18.147
15.710
16.284
17.333
16.119
15.556
16.132
15.302
15.372
16.112
15.883
15.977
15.861
16.615
15.964
16.201
16.099
15.693
15.758
16.192
24.998
15.954
16.099
15.254
15.684
15.673
22.456
16.933
16.571
15.180
15.792
15.939
15.376
15.821
15.881
15.579
16.459
16.159
15.716
15.807
15.715
15.233
15.594
15.873
16.231
16.275
16.759
15.317
16.627
15.395
15.647
16.121
15.478
15.974
15.286
15.295
16.109
15.181
17.213
15.180
15.510
16.726
15.721
16.204
17.865
15.589
15.510
15.920
15.889
15.755
16.421
15.838
15.861
15.682
15.357
16.269
15.793
15.442
16.149
16.002
16.378
15.630
15.510
15.613
16.091
15.711
15.799
15.433
16.124
16.262
16.589
17.429
15.703
15.552
15.569
16.491
15.447
16.283
17.381
16.510
17.146
15.528
15.744
15.755
16.213
15.636
16.047
15.675
15.624
15.613
15.878
16.200
15.335
17.019
15.396
15.982
16.191
15.748
15.759
15.534
15.521
16.021
15.922
16.026
15.712
15.820
15.597
15.780
15.689
16.219
15.561
15.623
15.991
16.789
15.880
15.595
15.438
15.762
17.420
15.496
16.086
15.561
15.683
15.698
15.863
15.943
16.581
15.572
15.650
16.084
15.676
15.811
15.737
16.176
16.684
15.429
15.782
16.706
15.531
15.622
15.576
15.810
15.784
17.348
15.669
15.782
15.539
15.691
17.456
15.428
16.559
16.216
15.499
16.165
16.701
15.469
15.525
15.550
16.174
16.033
16.480
15.897
15.607
15.748
15.750
15.490
15.946
15.670
15.376
16.472
15.397
15.704
15.345
16.080
15.537
16.258
17.100
15.846
15.966
15.888
16.312
15.791
16.021
15.835
15.698
15.611
15.948
16.415
15.366
15.686
16.702
15.666
15.996
16.036
15.315
15.779
15.643
15.682
15.700
16.555
15.811
16.626
15.758
15.290
15.861
16.169
15.713
15.804
15.809
15.869
15.496
15.851
15.944
16.005
15.698
15.747
16.211
15.772
15.561
16.050
15.347
15.779
15.823
15.816
16.404
15.809
15.549
15.853
15.877
15.367
16.613
16.947
15.634
16.373
15.462
15.511
15.536
15.841
15.704
16.315
17.275
16.342
15.707
15.684
15.845
15.843
15.997
15.733
16.132
15.612
15.648
15.720
15.969
16.253
17.347
17.107
16.314
15.839
16.333
16.042
18.299
15.768
17.841
16.147
15.827
16.825
15.506
15.682
16.728
16.052
15.954
15.881
16.038
15.720
15.747
15.546
16.129
15.727
15.784
15.634
15.784
17.366
16.204
15.825
15.652
17.052
15.575
15.638
15.558
16.412
16.502
15.928
16.446
15.389
16.324
15.802
15.689
15.795
17.901
15.667
15.816
15.932
15.746
15.782
15.633
15.617
16.012
15.221
15.634
15.852
15.491
15.963
15.968
15.519
15.687
15.597
16.708
15.565
15.770
15.893
15.389
15.554
15.475
16.088
16.112
16.199
15.643
16.593
16.005
15.309
15.378
15.872
15.768
15.872
15.600
16.513
16.335
17.486
16.005
15.692
16.081
15.490
16.030
16.036
15.440
15.758
15.758
15.778
15.891
16.560
15.466
15.529
15.501
15.861
15.872
15.750
15.381
15.702
15.794
17.399
15.387
15.725
16.372
15.489
15.796
16.589
16.276
15.978
15.887
16.208
15.638
16.094
15.820
16.057
15.471
15.776
15.667
15.763
15.934
16.120
15.770
15.754
16.493
16.851
15.671
16.100
16.100
15.724
15.832
15.735
15.690
15.864
16.043
15.779
15.927
15.831
16.144
15.530
16.969
15.943
15.939
15.977
15.510
15.757
16.745
16.028
16.397
15.901
15.327
15.978
16.104
15.452
16.375
15.716
15.181
16.278
15.794
15.938
15.659
16.372
15.670
16.288
17.351
15.607
15.619
16.504
15.805
15.780
15.539
15.578
15.436
16.110
16.200
15.785
16.689
17.612
15.469
15.899
15.463
15.793
15.671
15.310
16.232
15.728
17.744
15.505
23.375
15.987
15.687
17.049
15.616
15.646
15.535
16.015
15.820
16.125
15.356
17.181
16.562
19.064
15.567
15.689
15.345
15.628
15.439
15.996
17.291
15.923
16.515
15.681
15.681
16.258
15.321
16.090
17.922
15.903
15.473
15.701
15.921
16.148
17.207
15.499
16.152
15.991
15.185
15.864
16.773
15.812
15.702
16.340
16.113
15.706
16.016
15.279
15.891
15.909
15.871
15.796
15.739
16.820
16.069
16.143
16.141
15.841
15.544
15.303
15.541
15.703
17.049
15.859
15.316
16.145
16.670
15.708
16.577
15.692
15.560
16.719
16.074
16.693
15.843
15.579
15.900
15.537
16.201
15.714
16.558
15.953
15.817
16.043
15.835
16.124
15.771
15.985
16.513
15.648
16.077
15.774
17.471
17.255
15.949
15.386
15.408
15.582
16.942
15.820
15.811
15.746
15.851
15.852
16.152
15.956
15.871
15.755
15.770
15.857
15.441
16.149
15.862
15.781
16.242
15.820
16.329
15.499
17.593
15.887
16.879
15.653
16.093
15.324
15.892
15.641
16.124
15.419
16.580
16.025
15.989
15.923
15.692
15.908
15.840
16.153
15.477
15.658
15.837
15.632
16.179
16.172
15.807
15.654
15.984
15.517
15.613
16.386
15.516
17.080
15.996
17.253
15.496
16.174
15.810
15.593
16.076
15.831
16.481
15.693
15.741
16.064
16.065
15.757
15.948
15.652
16.253
16.253
15.792
15.822
16.001
15.631
16.080
16.837
15.793
16.241
16.111
15.943
16.128
15.655
16.822
15.708
15.314
15.765
15.819
15.859
15.549
15.534
15.638
15.587
16.077
15.789
16.387
16.881
15.785
15.694
15.712
15.818
16.789
15.444
15.380
15.562
16.419
15.930
15.381
16.092
15.300
15.903
15.606
15.673
17.013
15.657
15.517
15.837
15.582
16.909
15.890
15.541
15.591
16.911
15.706
15.467
16.126
15.675
15.925
15.714
15.200
16.318
15.529
15.614
16.410
15.476
15.957
15.419
17.631
15.710
16.818
16.924
16.107
15.345
15.736
16.059
16.219
15.980
15.462
15.353
15.571
15.528
15.985
16.232
15.654
15.615
15.754
15.933
15.680
15.815
15.514
16.261
16.011
17.201
15.613
16.031
16.422
16.232
15.173
16.168
15.345
15.904
15.924
15.820
15.604
15.827
15.509
16.197
15.834
15.447
15.577
15.606
15.222
15.780
15.685
15.543
15.665
16.181
15.517
16.005
18.258
15.898
16.660
16.013
15.263
15.120
15.490
25.666
15.886
16.493
15.876
16.084
15.274
17.331
15.725
15.547
15.786
15.912
15.736
15.351
16.897
15.601
15.756
15.943
16.326
15.616
15.975
15.697
15.863
15.955
16.318
16.117
16.448
16.369
16.441
15.908
15.629
15.697
15.895
16.011
15.429
16.429
15.411
15.513
16.822
15.735
15.459
15.426
16.028
15.870
15.527
15.583
15.573
15.574
18.090
15.778
15.905
16.818
15.853
15.932
16.859
15.325
16.352
17.238
16.139
15.752
15.842
15.523
16.866
15.911
15.569
15.366
16.325
16.654
16.349
17.763
17.828
15.706
16.835
15.891
16.979
15.829
16.053
15.330
16.169
17.280
15.581
16.594
17.338
15.827
16.922
15.843
16.624
15.829
15.517
16.057
15.629
15.604
15.614
15.579
16.009
15.559
15.817
16.945
15.337
15.723
15.463
15.907
15.805
16.068
15.653
15.715
17.143
15.918
16.742
15.508
16.666
15.799
16.024
15.498
16.024
15.739
15.937
15.916
15.750
17.642
15.688
15.579
15.593
15.933
16.156
16.335
15.659
16.266
15.694
16.471
15.952
15.962
16.638
15.670
15.654
17.402
15.749
15.669
15.954
15.927
16.015
15.729
15.507
15.598
16.178
17.512
15.567
17.222
15.649
15.505
17.117
16.543
16.328
15.985
17.155
15.833
15.396
16.152
15.783
15.633
18.301
16.975
18.223
15.920
15.643
16.129
15.374
16.624
16.004
15.417
16.618
15.911
15.737
15.969
16.500
15.630
16.129
15.342
15.597
17.553
15.668
15.882
15.201
15.578
16.231
15.582
15.519
17.374
16.051
15.777
16.577
15.976
16.132
15.957
16.180
15.928
15.954
15.748
17.061
15.910
15.976
15.882
15.490
15.899
15.592
18.485
15.774
16.693
15.960
16.747
17.662
15.425
15.821
16.118
16.002
16.312
15.709
