latency
55.345
17.118
16.001
15.954
16.401
15.993
15.718
15.503
15.951
15.629
15.592
15.592
15.082
15.358
17.878
16.636
15.412
15.568
15.636
16.292
15.982
16.644
15.687
15.786
15.807
15.386
15.857
15.762
15.793
15.778
15.726
16.115
15.260
15.188
15.677
15.682
15.519
16.951
15.482
17.051
15.396
15.582
15.970
15.628
15.873
15.716
15.299
16.066
15.541
15.951
15.397
16.080
16.032
15.672
15.426
16.344
16.129
15.774
15.659
15.695
15.598
15.851
15.800
15.156
15.716
15.756
15.602
16.644
15.758
15.490
16.007
16.792
16.617
15.327
15.879
15.338
15.506
15.523
15.888
15.881
15.583
15.397
15.520
15.663
15.495
15.232
15.841
17.700
15.622
15.832
15.806
15.271
15.446
16.327
15.816
15.500
15.115
15.369
15.490
15.470
15.957
15.765
15.436
15.508
16.278
15.483
15.356
15.136
15.531
15.857
15.775
16.881
15.459
15.634
15.411
16.793
15.418
16.931
15.513
15.266
15.579
15.353
15.639
15.436
15.337
18.609
16.502
15.606
15.737
16.263
15.987
15.727
15.552
15.197
15.888
15.266
16.535
15.577
15.665
15.559
15.728
15.713
15.328
15.644
15.598
15.683
16.521
15.915
17.028
15.990
15.611
15.517
15.465
15.613
15.550
17.257
16.510
16.482
17.918
15.723
17.057
16.580
15.482
15.619
15.532
15.593
18.646
15.687
16.246
15.604
16.411
15.552
15.586
15.684
17.141
33.970
15.620
15.851
15.300
15.736
15.450
15.724
15.360
16.420
16.014
18.360
15.691
15.333
15.716
15.276
16.125
15.634
15.760
15.573
15.575
15.690
15.314
15.775
15.362
15.324
15.676
15.223
15.397
15.288
15.738
15.744
15.284
15.186
16.994
16.610
15.493
16.021
15.578
15.619
15.892
15.354
15.922
15.738
15.708
16.665
15.676
16.359
15.625
15.522
16.020
15.551
15.703
18.545
15.797
16.252
15.698
15.778
15.535
15.762
15.710
15.706
18.164
16.480
15.618
15.397
15.562
15.695
15.397
15.428
15.745
15.868
16.041
15.634
16.833
15.598
15.410
15.539
16.522
15.774
16.267
15.598
15.634
15.704
15.550
15.524
15.984
15.419
16.099
15.737
15.332
15.453
15.489
15.557
15.940
15.926
15.775
15.709
15.672
15.613
15.883
15.390
17.042
15.467
15.619
15.616
15.562
15.654
16.981
15.750
15.496
15.686
17.920
15.391
15.182
15.339
16.063
15.441
15.667
15.500
15.409
15.366
15.453
15.736
16.547
15.440
16.454
15.582
15.882
15.440
15.337
15.448
15.354
15.790
15.388
15.718
15.543
15.501
16.812
15.595
16.325
15.408
17.195
15.791
16.007
17.114
15.682
15.881
15.697
18.529
16.045
17.094
15.854
15.850
17.077
15.655
15.894
15.674
15.376
15.210
15.657
15.176
15.105
15.141
15.222
15.529
15.597
15.897
16.790
16.148
15.605
15.518
17.156
16.457
15.745
15.979
15.175
15.634
15.305
15.443
15.575
15.768
15.630
15.634
15.342
15.429
16.016
14.976
16.586
15.876
15.537
15.881
15.544
15.226
15.853
17.077
15.701
15.326
15.746
15.409
15.690
15.663
16.124
15.774
15.566
15.831
15.392
15.858
15.273
15.270
15.402
15.552
15.461
15.822
15.436
17.077
15.719
15.789
15.270
15.521
15.531
15.414
15.850
15.728
17.404
15.846
15.765
16.482
15.717
15.446
15.237
15.957
17.031
16.201
15.365
17.083
15.689
15.856
16.973
15.150
17.775
16.773
15.394
15.473
15.477
15.536
15.745
15.386
15.656
15.487
15.346
15.477
15.587
15.545
16.391
15.574
15.521
15.575
15.549
15.212
15.521
18.172
15.637
15.186
15.711
15.759
16.071
15.797
15.588
17.226
15.303
15.478
15.499
15.471
16.218
16.934
16.647
15.940
15.541
15.403
15.318
15.755
15.657
15.807
17.686
15.509
17.174
18.046
16.376
16.219
15.877
15.855
15.233
15.350
15.717
15.519
16.294
15.550
15.858
15.866
16.608
15.372
15.625
15.848
15.870
15.616
15.567
15.418
18.063
15.848
15.655
15.211
15.855
15.624
16.665
16.034
15.593
15.605
15.738
15.479
15.712
16.181
15.448
15.267
15.657
15.517
15.311
15.188
15.262
16.086
17.382
15.756
15.835
15.313
15.849
15.938
15.567
16.160
15.519
15.518
15.335
15.648
15.682
15.335
15.505
17.109
15.681
15.927
15.410
15.304
16.436
15.970
15.300
15.987
15.402
15.339
15.495
15.572
15.471
15.516
16.656
15.974
15.232
15.773
15.781
15.733
15.396
15.338
15.719
15.476
15.793
15.419
17.484
16.103
15.902
15.723
16.119
16.444
15.451
16.671
15.896
15.743
15.649
15.254
15.277
15.674
15.728
15.849
15.772
15.572
16.434
15.399
15.939
15.782
15.332
15.746
15.817
16.613
15.699
15.768
16.255
15.644
15.662
15.550
15.889
15.863
17.263
15.975
15.343
15.420
15.735
15.655
15.438
15.383
15.657
15.530
15.750
16.085
15.816
15.633
15.922
16.171
15.993
15.735
15.567
15.860
15.655
18.804
15.309
15.797
15.589
15.244
15.603
15.411
16.147
15.449
17.933
15.423
15.255
16.962
16.247
15.545
15.786
15.880
16.276
16.072
15.236
15.224
17.094
16.812
15.559
15.686
15.570
15.268
16.064
18.465
15.211
15.722
15.498
15.517
15.679
15.613
15.843
15.946
16.345
15.781
15.667
15.902
15.630
16.476
15.534
15.789
15.747
16.716
15.653
15.840
16.087
15.745
16.162
15.796
16.730
15.335
15.428
15.337
15.776
15.953
15.582
15.645
15.911
15.709
15.873
15.645
15.651
15.766
15.918
19.031
15.580
15.857
15.234
15.843
15.686
17.074
15.601
15.973
15.200
17.178
15.736
15.695
15.585
15.408
15.561
15.689
15.621
18.767
15.433
16.964
15.790
15.636
17.333
16.784
15.466
17.239
15.263
15.581
15.732
15.927
15.370
16.387
15.635
16.938
15.698
15.257
15.636
15.987
15.820
15.484
15.649
15.599
15.601
15.509
15.338
15.531
15.424
15.540
15.630
15.443
17.130
15.576
15.660
15.598
15.325
15.551
17.234
15.497
15.574
15.709
15.280
16.000
16.540
15.770
15.469
15.632
15.447
15.458
16.095
15.788
16.397
16.476
15.425
15.552
15.511
15.827
15.633
16.067
15.786
16.934
15.761
15.490
15.612
15.454
15.985
15.518
15.533
15.457
15.731
15.465
15.511
15.538
17.131
15.654
15.431
15.892
16.138
15.656
15.729
15.526
15.423
15.181
15.714
17.136
15.120
15.792
15.546
16.296
16.180
16.017
15.670
15.608
15.623
15.606
15.496
15.471
16.911
15.755
15.554
15.453
16.933
15.784
15.577
16.211
15.545
15.956
15.369
15.999
15.603
15.844
15.182
15.348
15.814
15.873
15.369
15.691
15.684
15.774
15.125
15.345
15.492
15.154
15.395
15.563
16.453
15.840
16.809
15.591
15.611
15.316
16.951
15.515
17.304
16.055
18.747
15.808
15.403
15.821
16.266
15.735
15.746
15.601
15.962
15.785
15.501
15.770
15.621
15.656
15.774
15.592
15.557
15.715
15.541
15.371
16.460
15.467
15.385
15.606
15.191
15.403
15.926
16.147
15.887
15.885
15.927
15.758
15.531
15.525
15.580
16.750
15.361
15.365
15.774
15.445
15.892
15.614
16.470
15.749
15.555
15.675
15.384
15.711
15.520
15.950
15.198
15.719
15.428
15.689
15.575
15.659
17.178
15.601
20.253
15.603
15.874
15.778
15.953
18.066
16.344
15.766
15.721
16.106
15.907
16.996
15.647
16.434
15.307
15.639
15.321
15.576
15.694
15.707
15.723
15.647
16.237
15.688
15.194
15.768
15.693
15.751
16.608
15.815
15.574
15.675
15.552
16.767
15.958
15.791
15.636
15.658
16.683
15.572
16.157
16.547
15.893
16.353
15.559
16.825
15.685
17.217
15.949
16.664
15.294
15.325
15.598
15.917
15.954
15.642
15.264
15.678
15.337
15.736
15.509
15.865
15.467
18.188
16.993
15.983
15.728
15.389
15.519
15.698
15.355
18.105
15.442
15.579
15.681
17.160
15.759
17.185
15.883
15.712
15.603
16.193
15.737
15.733
15.345
15.791
15.616
15.032
15.823
15.663
15.564
15.582
15.343
15.943
16.244
15.806
17.294
15.726
15.949
15.354
17.459
16.488
15.796
16.820
16.605
16.351
15.744
15.877
16.120
15.530
15.938
15.438
15.404
15.543
15.846
15.696
15.266
15.346
16.868
15.418
16.186
15.423
15.825
16.019
15.624
16.264
16.613
16.091
15.714
16.486
15.468
15.688
15.776
15.790
15.632
16.077
15.666
16.228
15.792
18.013
15.338
17.541
16.959
15.554
15.649
15.364
15.851
15.933
15.438
15.952
15.650
15.805
15.829
15.491
17.132
15.198
15.435
15.765
15.562
15.712
15.662
15.942
15.622
16.378
16.105
15.409
16.476
15.238
15.934
15.466
17.129
15.624
15.917
15.673
15.671
16.866
15.358
16.182
17.235
15.347
15.538
15.524
16.182
16.286
16.779
15.427
15.635
15.513
15.374
18.869
15.607
15.679
17.811
16.025
15.296
15.900
15.729
16.115
15.538
15.785
15.873
15.739
15.639
15.315
16.990
15.874
15.329
15.634
15.686
16.381
18.246
15.738
15.351
15.149
15.558
15.683
15.753
15.609
17.200
15.582
15.835
15.760
15.490
15.558
17.201
15.486
15.544
16.018
15.871
15.724
15.249
15.822
15.844
16.871
16.220
15.153
15.909
16.209
17.036
15.585
15.559
15.221
16.072
15.374
15.386
15.902
15.732
15.313
15.983
16.675
15.701
15.140
15.783
16.966
15.574
15.436
15.630
15.801
15.521
15.396
15.710
15.552
15.730
15.304
16.076
15.696
15.339
18.043
15.702
16.726
16.247
15.506
15.774
15.388
15.024
15.701
18.076
15.247
16.180
16.920
15.809
15.916
15.451
15.533
15.238
15.928
16.961
15.526
15.323
15.747
15.693
15.192
15.603
15.723
16.108
15.921
17.829
15.699
16.871
15.451
15.398
16.128
15.338
15.600
16.154
15.305
15.709
15.163
15.594
16.120
15.483
15.567
15.594
15.725
15.362
16.871
15.537
15.892
15.935
16.665
15.477
15.551
15.174
15.657
15.672
15.079
15.344
15.729
15.403
15.989
15.619
15.702
15.335
16.192
15.437
15.115
15.196
16.077
17.840
15.479
15.637
15.586
15.462
16.069
15.532
17.900
15.324
15.702
17.233
15.629
15.777
15.407
16.107
15.892
15.883
15.614
15.784
15.537
15.595
16.617
15.666
15.510
16.522
15.203
15.703
15.345
17.458
17.194
16.153
15.608
15.386
17.071
16.869
15.399
16.141
16.585
15.536
15.658
15.133
15.564
15.666
15.500
16.651
15.419
15.777
15.376
16.416
16.294
15.209
15.665
15.872
15.323
15.858
17.005
15.742
15.469
15.471
15.528
15.444
15.690
15.642
15.624
15.491
15.501
16.406
15.403
15.849
16.713
15.461
15.710
15.624
16.017
16.381
15.788
15.576
15.718
15.089
15.647
15.851
16.651
15.679
15.508
15.367
15.554
16.639
15.441
15.428
15.557
15.374
16.215
19.225
15.480
15.275
15.402
15.525
16.448
15.548
15.893
16.839
15.353
15.568
15.369
15.501
17.823
15.376
15.508
15.989
15.683
15.914
16.713
15.152
15.695
15.314
15.473
15.394
15.484
15.207
15.422
15.582
16.647
14.993
15.577
15.812
16.337
16.254
15.940
16.464
16.090
15.634
16.288
16.091
15.534
15.531
15.617
15.517
16.418
16.158
15.761
15.637
16.066
15.522
15.967
15.270
15.996
17.191
16.101
15.692
15.501
15.242
15.596
16.715
15.663
15.576
15.355
15.887
15.454
15.807
16.043
17.038
15.462
15.660
15.376
15.391
15.548
15.990
15.521
15.771
16.082
16.255
15.929
16.979
15.629
16.287
16.213
15.546
15.718
15.856
15.534
15.742
16.851
15.518
15.686
15.894
17.394
15.594
15.215
15.509
15.397
15.689
15.342
15.384
15.331
15.839
15.348
15.469
15.610
15.809
15.612
15.499
15.860
16.721
15.768
15.785
15.433
16.646
15.462
15.709
15.329
15.977
15.409
15.547
15.912
15.511
16.103
15.675
15.817
15.521
16.937
15.387
16.247
15.142
15.454
17.072
15.671
15.535
15.962
17.052
15.393
16.129
15.380
15.412
16.737
16.168
15.476
15.476
15.784
15.896
15.652
15.742
15.833
15.812
15.217
15.558
16.155
17.923
15.369
16.912
15.793
16.308
16.775
15.703
17.053
15.495
15.976
15.735
15.732
16.038
15.921
17.422
15.485
15.776
15.376
15.516
15.513
15.854
16.148
15.495
16.282
17.084
15.529
15.872
15.532
15.738
15.712
15.910
15.407
16.879
15.940
15.518
15.740
15.564
15.706
15.807
15.749
15.707
15.471
15.423
15.602
15.634
15.790
16.345
15.645
15.639
15.590
15.470
15.468
15.677
15.508
15.614
15.632
15.834
16.703
15.459
15.793
16.708
15.611
15.556
16.382
16.057
17.794
15.709
15.426
15.866
15.450
15.702
16.171
15.250
16.686
15.798
15.725
17.002
15.418
16.063
15.631
15.570
15.964
17.022
17.136
15.642
15.331
15.304
15.755
15.469
15.324
15.621
15.792
15.730
16.588
15.507
15.501
15.615
16.479
15.557
15.572
16.798
15.651
15.704
15.541
16.660
15.696
15.522
16.593
15.616
15.448
15.675
15.586
15.824
16.287
15.982
15.455
15.892
15.754
15.639
16.720
15.778
15.259
15.225
15.325
15.549
15.750
16.306
16.104
15.503
15.342
15.579
15.982
15.535
15.869
15.356
17.036
15.610
15.693
15.376
15.802
16.207
16.402
15.372
15.610
15.864
15.601
15.472
15.684
15.947
15.779
15.399
16.454
15.482
15.909
15.547
15.747
16.755
15.778
16.347
15.522
15.819
15.821
17.758
15.957
15.644
15.553
15.644
15.671
16.494
15.732
17.421
15.450
15.847
17.690
15.369
15.861
15.723
16.794
15.433
15.409
15.479
15.792
15.502
15.906
16.154
17.099
15.475
16.366
18.446
15.481
16.061
15.882
15.650
15.550
15.415
15.755
15.677
15.995
15.513
15.974
15.670
15.376
16.488
15.947
15.892
16.075
16.110
16.620
15.843
15.515
15.557
15.789
15.508
15.429
15.860
15.744
15.653
15.805
15.964
15.766
16.659
17.254
16.296
15.525
15.871
15.644
15.751
16.279
15.738
15.624
16.373
15.771
15.655
15.746
15.774
16.123
15.532
16.174
18.934
15.781
15.185
15.323
15.396
16.262
15.706
15.849
16.421
15.350
15.527
15.553
15.696
15.371
16.510
15.359
15.404
15.946
15.549
15.846
15.425
15.845
16.169
15.473
15.661
16.923
16.477
15.988
15.639
15.432
16.966
15.404
15.403
15.505
15.953
16.303
15.812
16.780
15.866
15.989
15.537
16.008
15.577
15.608
15.177
17.035
15.795
16.186
15.711
18.120
15.973
15.469
15.981
15.538
15.315
15.466
15.461
16.724
16.012
15.796
15.719
15.685
15.706
16.881
16.135
15.448
15.389
15.789
15.655
15.651
15.719
15.756
17.183
15.419
16.130
15.994
15.562
15.594
15.799
15.870
15.925
15.433
16.240
15.792
15.397
15.521
15.853
16.829
15.408
16.023
16.535
15.604
16.128
15.434
16.789
17.429
15.348
15.490
15.445
15.576
15.455
16.097
15.497
15.552
16.304
15.866
17.093
16.609
15.444
16.401
15.552
15.747
15.797
15.650
15.511
16.680
15.785
15.483
16.304
15.932
15.852
15.353
15.821
15.778
15.482
15.842
16.313
15.426
16.025
15.526
17.124
15.658
15.776
15.435
15.853
16.206
15.614
16.165
17.587
15.531
15.536
15.647
15.437
15.982
15.438
15.136
16.302
15.762
16.940
15.498
15.737
15.632
15.673
15.502
15.306
15.357
16.670
15.406
16.771
15.469
15.864
18.418
15.399
15.550
15.610
15.386
17.475
15.616
15.972
15.742
17.137
15.743
16.508
15.557
15.921
15.665
17.122
15.658
15.437
15.757
15.904
15.604
15.716
15.877
15.638
15.761
16.507
15.392
15.809
15.168
15.376
15.626
15.584
15.548
15.765
15.704
15.841
17.016
15.823
17.194
15.395
15.853
16.922
15.356
15.655
15.601
16.176
16.312
15.649
17.149
16.721
15.346
15.768
15.716
15.410
15.478
16.565
15.493
15.492
15.417
15.878
15.708
15.510
16.211
15.356
15.877
15.772
15.336
16.303
15.510
15.458
15.911
16.304
15.502
15.364
15.171
15.982
15.815
15.800
16.074
18.532
15.821
16.160
15.474
16.215
16.027
15.482
15.700
17.364
15.462
16.056
16.069
15.726
15.335
15.351
15.754
15.534
15.571
15.926
15.657
15.737
15.655
16.393
15.452
15.813
15.688
16.082
16.058
15.610
15.354
16.284
16.716
15.489
15.605
15.472
15.666
17.211
15.530
16.519
15.884
15.774
15.644
16.988
16.868
15.556
16.366
16.309
15.386
15.572
15.374
15.923
15.624
16.114
15.574
15.491
15.207
16.562
15.582
15.766
15.796
15.847
16.354
15.510
15.597
15.856
15.792
15.674
15.371
16.029
15.743
16.195
15.778
16.236
15.909
16.846
16.761
15.087
15.419
16.396
15.609
17.919
17.175
15.459
18.710
16.017
16.343
17.034
15.445
15.813
16.465
15.346
15.360
15.629
15.812
15.188
17.441
15.656
16.048
15.755
15.809
16.015
15.506
16.715
15.311
16.119
16.137
15.489
15.755
16.703
15.499
15.678
15.594
15.519
15.479
15.925
15.323
15.273
15.538
15.552
15.810
15.514
16.053
15.948
15.892
16.608
15.403
17.715
15.526
15.500
16.278
17.035
15.987
15.643
17.223
15.677
15.460
15.571
15.879
15.501
17.304
15.964
15.843
15.968
15.829
15.374
16.232
15.433
15.669
15.547
16.228
15.454
15.503
15.465
15.536
15.794
15.877
17.243
15.433
15.687
15.543
15.757
15.330
15.870
15.869
15.768
15.808
16.500
15.291
16.901
15.491
15.492
15.728
15.953
15.887
15.508
16.362
15.764
15.145
16.298
15.501
15.620
15.582
16.260
16.061
17.957
15.644
15.985
15.716
15.628
15.703
15.344
15.463
16.052
15.456
15.395
15.363
15.719
16.842
15.346
15.665
15.509
16.562
17.627
15.858
15.356
15.445
15.958
15.570
16.135
15.543
15.649
15.593
16.706
15.263
16.170
15.710
17.107
15.912
15.500
15.313
15.702
15.922
16.012
16.029
15.219
15.661
16.896
15.437
15.674
16.092
15.595
16.170
15.769
15.478
16.942
15.895
15.214
15.817
17.036
15.688
15.562
15.406
16.459
15.675
15.577
17.092
15.436
16.716
15.655
15.331
33.967
15.680
15.777
15.641
16.709
15.131
15.352
15.747
15.433
15.696
15.742
15.735
16.278
15.714
15.737
15.547
15.467
15.349
15.426
15.237
15.700
16.851
15.521
15.746
16.015
15.273
15.613
15.340
15.510
16.003
15.436
15.606
15.828
15.418
16.056
15.576
16.727
15.459
15.674
16.976
15.531
15.677
15.717
15.597
15.510
15.659
15.590
16.812
15.853
15.595
15.523
15.676
16.071
16.391
15.425
16.607
16.689
15.514
16.745
15.726
15.635
15.747
17.078
15.765
15.241
16.415
15.580
16.210
15.621
15.963
15.739
15.390
15.817
15.894
16.658
16.989
16.850
15.659
15.366
16.989
15.716
15.280
15.722
15.790
15.312
15.786
15.278
15.579
15.431
15.438
18.970
15.467
15.826
15.267
15.472
16.290
15.668
15.676
15.615
15.872
16.407
16.690
15.476
15.855
16.960
16.187
15.773
15.311
15.954
16.888
15.381
15.636
16.043
15.522
15.503
18.162
15.696
15.677
15.593
15.530
16.931
15.596
15.810
15.591
15.634
15.487
15.674
15.951
15.873
15.823
15.326
15.283
16.086
16.922
15.441
15.935
15.761
15.702
15.833
15.628
17.043
17.471
16.334
16.307
15.604
15.928
15.883
15.656
15.632
17.001
18.378
15.232
16.366
16.422
15.806
15.899
16.052
16.066
15.644
16.521
15.515
15.725
15.294
15.327
15.753
16.149
15.595
15.495
15.823
15.602
15.572
15.500
15.513
15.694
15.491
16.629
15.542
15.386
17.553
15.418
15.461
15.405
15.359
15.815
15.254
15.361
15.737
15.533
16.191
16.053
18.480
15.698
15.603
15.904
15.807
15.668
15.824
15.591
15.676
15.767
15.852
15.982
15.750
15.659
15.617
16.004
15.295
16.889
15.342
15.696
15.365
15.704
15.689
15.999
15.696
16.302
15.521
15.848
15.593
17.044
15.592
15.420
17.630
15.506
15.482
15.279
15.699
15.869
18.825
15.652
16.109
15.584
16.840
15.545
15.886
15.375
16.060
15.983
17.139
15.972
15.902
17.341
15.345
15.515
15.748
15.547
15.321
15.761
15.825
15.372
15.420
15.873
15.754
16.877
15.860
15.825
15.936
15.489
15.655
16.366
15.603
15.575
15.390
15.862
15.902
18.108
15.871
15.390
15.335
15.774
15.511
16.107
15.616
15.838
15.730
15.723
15.683
15.548
15.554
15.901
17.052
15.496
15.542
15.653
15.721
15.892
15.551
15.917
15.584
15.410
15.620
15.417
17.366
15.706
15.974
15.571
15.424
15.707
15.597
15.715
17.686
15.306
15.797
15.779
16.168
15.873
15.461
15.833
16.816
16.604
16.775
15.697
16.506
16.263
16.891
15.646
15.585
15.412
16.433
15.790
15.294
16.671
15.364
15.438
15.589
16.273
15.844
15.461
15.398
15.521
15.284
16.143
15.502
15.775
18.247
15.662
15.454
15.485
15.390
15.937
16.615
16.939
15.881
15.530
16.496
15.673
18.225
15.796
15.713
15.835
17.015
16.370
15.985
16.427
15.576
15.511
16.195
15.645
15.534
17.809
15.554
15.773
15.396
16.828
16.647
16.127
17.152
15.235
15.968
15.242
15.491
15.713
15.504
15.376
15.344
15.513
15.725
15.478
19.704
15.797
15.890
15.837
15.448
15.313
15.653
15.306
15.609
16.160
15.928
15.551
15.407
16.105
15.356
15.752
15.759
16.063
15.831
15.726
15.583
16.528
15.593
15.295
16.471
15.601
16.180
15.356
15.632
15.740
15.506
15.898
15.851
15.792
15.838
15.607
15.846
15.636
15.653
15.622
15.814
16.246
15.626
15.610
15.647
15.602
17.089
16.632
16.633
15.889
15.512
15.249
15.953
16.589
15.995
15.690
15.360
15.918
15.376
15.281
15.724
15.762
16.994
16.507
16.063
15.611
15.932
15.422
15.802
15.773
15.262
16.396
15.624
15.632
15.839
15.633
15.724
15.545
15.568
15.764
15.607
16.433
15.832
18.521
15.595
15.523
17.380
15.764
15.732
17.036
15.685
15.738
15.681
15.914
15.498
15.695
15.710
15.553
17.202
15.533
15.208
16.893
15.737
15.766
16.017
15.387
16.019
16.883
16.067
15.939
15.862
15.826
15.914
15.342
16.640
15.699
15.302
16.001
15.679
15.704
15.471
16.261
16.075
16.491
15.686
15.470
15.696
15.871
15.633
15.937
15.802
16.348
15.924
16.923
15.699
15.522
15.869
15.552
15.647
15.678
15.455
15.588
16.626
16.605
16.241
15.631
15.725
16.132
15.841
15.837
15.895
15.436
15.720
15.713
15.699
15.616
16.506
18.146
15.459
15.874
15.695
15.571
16.581
16.835
15.419
16.562
15.938
15.613
15.752
15.516
15.675
15.572
16.841
15.612
15.658
15.642
16.483
15.317
16.274
15.777
15.643
15.384
15.398
15.847
15.634
16.219
16.223
15.536
15.687
15.661
15.485
16.448
16.985
17.350
15.544
16.079
15.675
15.386
17.392
15.900
15.749
15.762
15.682
16.912
15.360
16.567
15.705
16.947
15.553
16.308
15.476
15.974
15.301
15.875
16.590
15.429
18.488
15.610
15.489
15.391
16.072
15.941
16.081
15.954
16.327
15.546
15.901
15.612
16.065
15.955
15.932
15.443
15.805
16.260
16.077
15.870
15.657
15.706
15.913
15.854
16.541
15.600
15.640
15.851
16.414
16.139
15.799
15.652
15.788
15.612
15.750
17.142
15.324
15.387
15.852
15.422
16.125
15.841
15.805
15.632
15.727
15.999
15.286
15.625
15.534
15.423
15.271
15.268
16.014
16.874
16.405
17.285
15.640
15.819
15.663
17.248
16.321
16.077
16.024
15.432
15.991
15.795
16.349
15.639
15.811
15.648
15.595
15.656
16.006
16.832
15.707
15.682
15.770
15.577
15.581
15.237
15.597
15.538
15.619
15.525
16.695
15.599
19.794
17.306
17.157
15.495
15.736
16.013
15.793
15.763
15.639
15.859
15.421
15.762
15.501
16.788
15.999
16.003
16.356
15.595
15.573
15.915
18.958
15.661
15.953
15.298
16.260
18.867
16.221
16.385
15.747
15.814
16.564
15.847
15.590
15.737
15.432
15.342
15.580
15.217
15.571
16.143
17.980
15.381
16.050
16.146
15.279
15.303
15.356
15.581
15.426
15.529
16.211
15.640
15.564
15.306
15.844
15.347
15.419
15.376
15.556
15.881
15.326
15.887
15.591
15.468
15.366
15.707
15.551
16.567
15.313
16.832
15.368
15.182
15.816
15.554
15.857
15.727
15.425
15.471
15.603
15.601
15.701
15.421
15.511
15.500
15.395
15.652
15.650
16.048
16.089
15.816
15.678
15.740
16.358
15.737
15.938
17.543
15.574
15.476
15.425
16.861
15.521
16.634
15.377
16.067
16.823
15.550
15.884
15.878
15.719
15.663
15.763
16.056
15.426
15.785
15.220
15.741
15.423
16.056
16.004
15.502
15.233
15.891
15.994
15.440
15.528
15.357
15.820
16.646
16.001
15.621
15.569
15.729
15.603
15.531
15.545
17.422
15.635
17.326
15.432
15.766
16.112
16.054
16.399
16.077
16.086
15.546
15.667
16.017
15.374
15.365
15.670
16.869
16.604
16.490
15.977
15.679
15.286
15.536
15.615
15.567
15.717
16.657
15.615
15.965
16.268
15.485
15.572
16.142
16.094
16.646
15.305
15.409
15.606
16.077
16.886
15.297
15.411
16.870
15.919
16.658
16.122
17.175
16.160
15.349
15.706
15.490
16.362
16.444
15.396
15.453
15.432
15.389
15.483
15.933
15.278
15.805
16.150
16.010
16.074
15.126
15.572
15.603
15.432
15.690
15.539
16.024
15.639
15.591
16.230
15.830
16.345
16.572
15.362
15.938
16.025
15.626
15.557
16.077
15.278
15.647
15.384
17.283
15.961
15.703
15.896
16.107
16.801
15.542
15.463
15.398
15.650
15.362
15.719
16.655
15.554
16.540
16.062
15.233
16.965
18.122
16.269
15.414
15.464
15.534
15.724
15.319
15.808
17.053
15.627
15.519
15.866
15.222
16.225
16.192
15.605
17.138
15.435
15.644
16.138
15.830
15.780
15.706
15.747
15.511
15.284
15.759
17.950
15.759
15.248
16.316
17.410
16.068
15.646
16.801
15.408
15.814
15.772
15.075
15.461
15.466
16.652
15.614
16.089
15.316
15.584
15.574
15.571
16.929
15.378
15.563
16.068
15.424
16.083
16.495
23.318
15.889
16.031
15.448
15.727
15.790
15.572
15.374
15.756
15.902
15.428
15.740
15.566
15.723
16.485
16.111
15.639
16.211
15.567
16.922
15.483
15.191
15.623
17.048
16.078
15.649
16.129
15.544
15.824
15.512
15.786
16.059
15.789
15.651
15.658
16.028
15.754
15.227
15.381
17.083
15.625
15.404
15.947
15.796
15.741
16.995
15.426
16.049
16.009
16.119
15.384
17.299
15.648
16.530
15.487
17.665
15.528
15.822
16.655
15.514
15.976
16.197
15.485
15.443
15.901
15.735
15.660
15.438
15.443
15.981
16.121
15.332
15.360
15.438
15.583
15.528
15.934
16.202
15.681
16.777
16.607
15.480
15.235
15.407
16.574
16.405
15.479
15.072
15.788
17.404
15.451
15.592
15.641
15.655
17.183
15.523
15.413
15.640
15.521
15.348
15.398
17.593
15.995
15.604
15.446
15.263
15.529
15.712
15.529
15.654
15.758
16.643
15.875
17.015
15.300
15.727
15.832
15.461
15.715
16.764
15.937
15.604
15.827
15.283
15.608
15.594
15.551
16.440
16.422
15.586
15.737
16.866
15.660
15.636
15.890
15.421
16.829
15.205
15.764
15.828
15.457
16.041
15.735
15.524
15.703
15.532
15.577
16.981
15.600
15.755
15.370
16.108
16.402
15.585
15.838
17.219
16.038
18.757
16.095
16.173
15.256
15.640
15.878
16.077
16.221
15.348
15.376
15.529
16.066
15.349
15.510
15.857
16.034
15.745
15.700
15.322
15.851
15.521
16.853
15.456
15.699
17.224
15.253
15.349
16.705
15.681
16.675
15.870
17.340
15.477
15.711
15.471
16.630
15.620
15.560
15.575
15.475
16.973
15.448
15.645
16.632
15.103
15.350
15.315
15.344
15.832
18.308
15.686
15.884
16.532
15.510
15.513
16.437
15.812
15.902
15.548
15.270
15.773
15.509
16.848
15.351
15.755
15.729
15.420
17.634
15.863
16.126
15.877
15.531
15.666
16.504
15.321
15.379
16.611
15.823
15.872
15.627
16.287
15.686
15.567
17.005
15.806
15.636
15.510
15.760
15.366
15.692
15.803
15.455
16.943
15.507
15.544
15.869
16.698
15.922
15.806
15.612
15.573
15.637
15.529
16.335
15.630
16.379
15.922
15.363
15.655
15.428
15.644
15.701
15.982
15.591
15.947
15.486
15.991
15.278
16.248
16.042
16.912
17.039
15.657
15.745
15.595
16.883
15.509
15.122
16.315
15.869
15.602
15.368
15.608
15.500
15.470
15.496
19.144
15.668
15.387
15.624
16.002
17.239
15.343
17.242
15.556
15.625
16.667
15.406
15.601
15.572
15.753
16.200
15.563
16.039
15.655
15.645
15.746
15.900
16.851
18.201
15.644
16.152
15.489
15.593
15.856
17.386
16.795
15.960
15.413
16.001
16.071
15.919
15.814
15.936
15.501
15.606
15.872
16.447
15.634
15.479
15.440
15.591
15.500
16.472
16.416
15.653
17.168
15.676
15.974
15.758
15.797
15.909
15.820
15.808
15.493
15.603
16.717
15.560
15.716
15.837
15.764
16.464
15.670
15.606
16.037
17.009
15.654
15.796
15.989
15.351
15.577
16.350
16.541
15.552
15.795
15.471
15.901
15.459
15.167
15.734
16.147
15.816
15.843
16.334
15.680
15.547
15.425
15.612
15.929
15.410
17.483
15.216
15.965
15.650
15.397
15.569
15.871
15.722
16.045
15.342
15.980
15.757
15.619
15.614
16.232
15.447
16.751
15.677
17.508
16.231
15.687
15.993
15.696
15.649
16.300
15.845
17.135
15.556
15.484
15.458
15.592
15.348
15.924
15.785
17.020
15.672
15.422
15.900
15.736
15.922
15.675
15.964
15.549
15.770
15.273
15.950
15.814
15.387
15.796
15.444
15.903
15.403
15.490
15.737
15.451
15.893
18.396
16.630
16.911
15.592
15.791
15.438
15.631
15.500
15.725
16.015
15.795
15.747
16.768
15.697
15.695
17.383
16.000
15.760
15.421
15.401
15.953
15.626
15.675
15.746
15.773
15.449
15.728
16.098
15.370
15.627
15.924
16.174
15.861
15.652
16.593
16.964
15.655
15.607
15.739
15.765
15.635
15.588
15.545
15.761
15.318
15.694
16.615
15.482
15.421
15.494
15.984
15.978
15.770
15.476
15.985
15.468
17.234
15.634
15.644
15.880
15.583
15.337
17.150
15.586
17.594
15.840
15.872
17.057
15.734
16.192
15.999
15.357
16.684
15.837
15.660
15.804
15.653
16.067
17.066
15.362
15.562
15.783
15.676
15.315
15.701
15.591
40.723
15.523
15.703
15.811
15.964
15.731
15.620
15.761
16.015
15.896
15.492
15.778
15.703
15.818
15.479
16.115
15.621
16.080
15.263
16.377
16.091
16.428
15.623
15.421
15.772
15.571
15.985
15.615
16.084
15.496
15.912
15.635
17.116
16.176
15.644
15.921
15.795
16.510
15.727
15.967
15.622
15.528
15.547
15.521
15.549
15.931
16.193
16.222
15.758
16.353
16.686
15.985
15.495
15.303
15.445
15.711
15.685
15.755
15.555
15.985
16.013
15.805
15.675
16.272
15.354
15.757
16.268
15.871
15.201
15.353
16.523
15.720
15.486
15.712
15.428
17.110
15.530
15.747
15.473
16.848
16.442
17.620
15.396
15.934
15.726
15.861
15.358
16.071
15.396
15.596
16.340
15.453
15.488
15.689
15.648
15.655
15.126
15.369
15.397
15.417
15.491
15.879
15.802
15.954
15.354
16.639
15.426
15.648
15.686
15.805
15.613
16.243
15.871
16.702
15.798
15.238
15.909
16.101
15.843
15.236
15.592
15.492
16.003
15.658
15.708
15.716
16.626
15.778
15.647
16.256
16.139
15.613
16.029
15.484
17.017
15.890
15.758
15.271
15.448
15.508
15.592
15.827
15.636
15.599
17.495
17.008
16.117
16.070
15.509
15.687
15.814
15.421
15.736
16.251
15.750
15.918
16.853
15.789
15.752
16.634
15.490
15.182
15.338
15.761
15.481
15.751
15.977
16.103
15.850
15.460
15.827
15.779
16.096
15.397
15.807
15.487
17.264
15.450
16.340
16.012
17.232
15.367
15.925
15.612
15.590
15.892
15.664
16.361
15.532
16.051
16.212
15.767
15.825
15.256
15.787
15.581
15.474
16.057
15.231
16.224
15.538
15.492
16.020
16.696
16.442
15.273
16.098
15.677
15.532
15.739
16.490
15.949
15.923
15.703
16.363
15.358
16.158
15.960
15.656
15.655
15.670
15.291
15.729
15.398
15.908
16.431
16.413
15.334
18.508
16.316
15.508
15.716
15.377
16.041
15.753
21.356
15.552
15.586
15.978
17.572
15.270
15.867
15.428
15.417
15.501
15.872
15.981
15.964
16.063
15.446
15.243
15.714
15.748
16.230
15.704
15.376
15.361
15.305
15.540
15.939
15.359
15.385
16.509
15.943
15.919
16.649
15.342
15.384
15.923
15.497
15.712
15.674
15.651
15.945
15.502
16.004
16.364
16.167
16.410
15.542
15.414
15.395
15.814
15.467
15.467
16.479
15.909
15.486
15.253
15.524
18.129
15.659
15.388
15.450
15.254
15.920
15.886
15.922
15.664
16.035
16.312
15.146
15.598
15.849
16.252
15.671
15.624
15.964
15.312
15.678
16.096
15.396
16.831
15.822
15.558
15.366
15.715
15.857
15.755
15.796
16.435
16.020
15.753
15.725
17.889
15.731
16.347
15.561
15.579
15.720
17.501
15.238
15.827
15.598
15.683
15.675
16.294
15.541
16.163
15.475
15.428
15.676
16.157
15.535
15.116
16.380
15.620
15.771
15.908
17.088
15.597
15.757
15.579
15.794
15.658
15.781
15.215
15.481
16.024
15.562
15.829
15.501
15.482
15.450
15.700
15.416
16.265
16.802
15.951
15.853
15.314
16.376
15.973
16.881
15.731
15.451
15.808
16.227
16.874
15.796
15.905
15.832
15.695
16.027
15.618
16.147
15.354
15.418
15.609
15.491
15.760
15.871
15.412
15.887
15.375
15.974
16.912
15.571
15.613
15.354
16.435
15.600
17.532
16.454
16.418
15.347
15.655
16.467
15.814
15.698
15.539
15.202
16.512
15.235
15.486
15.389
15.911
15.667
15.580
17.686
15.758
15.901
15.831
15.717
16.069
15.701
15.291
15.531
15.887
15.824
15.500
15.691
15.628
15.651
17.439
16.338
15.747
15.603
15.704
17.342
15.478
15.715
16.373
15.423
15.511
15.511
17.146
15.557
15.319
15.635
15.468
15.871
15.524
15.720
15.487
15.647
15.822
15.608
15.428
16.345
15.794
16.275
16.146
16.219
15.522
15.637
15.644
15.856
15.500
15.665
16.292
15.599
15.864
17.056
15.964
15.547
15.951
16.948
15.565
15.603
15.914
16.696
15.521
15.585
15.886
15.682
16.792
15.287
16.297
15.805
17.024
15.771
15.572
15.613
15.958
15.751
15.583
15.873
15.626
15.448
15.857
15.704
15.468
15.828
15.684
15.652
15.249
15.540
15.812
17.141
16.386
17.553
15.704
15.624
15.610
15.293
16.399
16.036
15.752
15.930
15.185
15.576
15.738
15.634
15.271
17.147
15.856
15.469
15.501
15.830
15.453
15.492
15.670
15.450
15.895
15.593
16.582
15.809
15.525
15.412
16.046
15.469
15.545
15.928
15.345
23.005
15.679
15.556
15.160
15.784
15.938
15.478
16.447
15.616
15.403
15.613
15.522
15.521
15.594
15.284
16.010
15.524
15.687
15.274
16.084
15.880
15.721
15.547
15.332
15.220
15.798
15.245
15.859
16.885
15.590
17.157
15.514
15.474
15.345
15.265
15.379
15.554
15.557
15.389
15.718
15.607
16.255
15.606
15.467
17.867
16.514
15.795
15.413
15.559
17.509
16.061
15.462
15.978
15.475
15.560
15.383
15.678
15.582
16.103
15.750
15.839
15.447
16.424
15.424
15.498
15.401
15.488
17.051
15.974
15.634
15.217
15.624
15.188
15.737
16.187
15.465
15.438
16.212
15.820
15.747
15.399
15.550
15.429
15.964
15.768
15.531
15.601
15.625
15.378
15.645
15.743
16.318
15.857
15.820
15.119
15.746
15.837
15.945
15.658
15.388
15.320
16.153
15.306
15.598
16.624
16.360
16.262
16.654
17.644
15.681
15.345
15.825
16.145
16.503
15.957
15.750
15.733
16.000
15.249
15.606
15.636
15.425
15.397
16.615
15.559
15.714
17.080
16.143
17.391
15.387
17.031
15.385
15.838
15.920
15.655
15.764
15.514
16.952
16.047
15.504
15.525
15.434
15.366
16.736
16.310
15.585
15.379
16.640
15.483
16.029
15.339
15.418
18.138
15.571
15.407
16.763
15.633
15.565
15.596
17.437
15.881
15.645
16.576
15.357
15.585
16.242
15.854
15.747
15.698
16.043
15.814
16.591
15.857
15.669
17.086
17.496
15.647
15.753
15.985
15.313
16.985
15.667
16.306
15.697
16.015
15.418
16.131
15.663
16.744
16.042
15.816
17.250
15.943
15.472
15.954
15.746
15.778
15.549
15.773
15.652
15.668
15.195
15.639
16.055
15.397
15.881
15.716
15.598
15.607
15.470
16.722
15.658
15.813
15.319
16.797
15.208
15.912
15.714
15.724
15.352
15.414
15.831
17.124
15.463
15.548
15.660
15.894
15.324
15.553
16.879
15.596
15.675
15.544
16.636
15.490
15.737
15.215
15.476
15.828
15.488
16.274
15.611
15.508
15.326
15.666
15.761
15.578
15.846
15.585
16.167
15.471
15.767
15.598
16.486
16.314
16.506
15.124
16.062
15.414
15.742
15.619
17.069
16.191
15.461
15.683
15.916
15.334
15.629
16.529
16.605
17.232
15.360
15.863
15.129
15.507
15.490
15.651
16.333
15.392
15.738
15.761
15.980
16.404
15.464
15.620
15.659
15.765
15.993
15.566
16.162
16.112
15.423
15.802
15.589
15.930
15.825
15.637
16.193
16.445
15.817
15.432
15.619
16.015
15.772
15.794
16.147
15.445
17.002
15.334
15.823
15.395
15.452
16.132
15.936
15.438
15.649
15.676
16.149
15.632
18.887
15.368
15.410
15.468
15.682
17.160
15.788
15.698
15.981
15.759
16.241
16.306
15.798
15.489
15.780
15.450
16.619
15.820
15.682
15.560
15.792
16.084
15.572
15.660
15.535
15.344
15.500
17.731
15.391
16.099
15.397
15.325
15.378
15.694
16.479
15.879
15.483
16.270
18.113
15.504
15.595
15.994
16.126
16.301
15.718
15.758
15.539
16.051
15.556
15.729
16.015
16.159
15.797
17.910
15.625
15.890
15.815
15.286
16.988
16.115
15.900
15.636
15.720
17.295
16.582
16.014
15.902
15.739
15.840
15.618
15.338
15.474
15.403
15.433
15.953
15.498
15.594
15.526
15.452
16.583
15.641
15.921
15.603
15.631
15.939
15.567
15.330
15.663
15.808
15.417
15.707
19.242
15.483
16.241
16.034
17.397
15.521
15.660
15.756
15.651
15.851
15.628
15.272
15.528
15.725
15.548
15.634
15.748
15.911
15.818
16.812
15.386
15.711
15.632
15.653
16.317
15.487
15.912
15.449
15.562
15.572
15.507
15.273
15.828
16.012
18.149
15.493
15.379
15.417
15.925
15.300
15.709
16.911
15.367
15.494
15.786
15.599
15.844
15.782
15.816
17.380
15.877
15.840
15.781
17.024
15.185
16.868
16.952
15.676
16.345
15.724
16.100
16.072
15.547
15.689
17.566
15.758
15.809
15.730
15.742
15.866
15.729
15.634
15.531
15.612
15.864
15.553
15.835
15.650
17.394
15.602
15.777
15.412
15.703
15.390
15.281
15.382
15.716
15.782
15.834
16.354
15.901
15.754
15.454
15.500
15.890
15.281
15.245
15.964
15.579
15.372
16.277
15.765
19.368
15.277
16.530
15.480
16.247
15.369
16.959
15.649
16.153
15.427
15.640
15.630
15.485
16.090
15.350
15.892
16.017
15.450
15.747
16.432
15.414
15.478
15.637
15.782
15.680
16.833
15.490
15.655
15.199
16.093
16.366
15.441
15.364
15.770
16.056
16.022
15.759
15.775
16.100
15.541
15.412
18.400
15.448
15.633
15.218
15.358
15.672
17.255
15.602
15.836
16.039
15.251
15.747
16.342
15.430
15.591
15.637
15.759
15.510
16.871
17.440
15.837
15.708
15.765
17.630
15.481
15.690
15.822
16.048
15.408
15.995
15.645
15.491
16.990
15.340
15.490
15.772
15.883
15.999
16.442
15.461
15.700
15.383
16.218
15.763
18.909
16.894
16.925
15.878
15.972
16.036
15.442
16.041
16.328
16.036
15.439
15.386
15.656
15.707
15.704
15.792
15.758
15.745
16.103
16.149
15.753
15.630
16.135
15.441
15.584
15.383
15.585
15.767
15.657
15.531
16.436
16.134
15.370
15.490
15.366
15.705
15.197
15.674
15.644
15.962
16.925
15.665
15.403
15.360
15.840
15.914
15.618
15.471
15.511
15.740
16.840
15.294
16.190
15.481
15.578
15.878
15.332
15.283
16.998
16.387
15.798
16.591
16.797
15.574
15.600
15.941
15.721
17.459
15.483
15.710
15.795
15.641
16.067
15.445
17.926
16.052
15.159
15.437
15.453
16.500
15.864
15.379
15.486
15.497
15.552
15.820
15.737
17.153
15.298
15.715
15.407
15.180
17.500
16.928
15.568
15.457
17.897
15.433
16.581
15.624
15.677
16.463
16.000
15.721
16.097
17.135
15.487
15.354
15.477
15.588
16.639
15.628
15.687
15.937
15.520
15.794
17.088
15.867
18.024
15.580
16.093
15.417
16.247
15.912
15.507
15.372
15.908
15.201
15.752
15.926
16.615
16.232
15.645
15.840
15.820
15.748
15.684
16.386
15.582
15.552
15.933
16.950
16.459
15.778
15.675
17.186
16.209
16.050
15.502
15.904
15.908
15.949
15.441
16.985
15.539
16.207
15.537
16.308
16.128
15.462
16.361
