latency
39.024
12.716
12.921
12.862
13.451
12.750
12.745
14.297
12.751
12.818
12.737
12.627
12.785
12.783
14.068
12.884
12.607
14.022
12.636
12.748
13.320
12.745
12.640
13.013
14.253
12.643
12.718
12.924
12.631
15.844
12.630
13.361
12.652
13.082
13.335
12.872
14.655
12.881
12.854
13.884
12.682
12.496
13.000
12.636
12.881
12.945
13.228
12.522
12.752
13.398
13.718
12.789
12.861
12.792
12.835
12.786
12.054
14.412
12.711
12.714
12.712
12.991
12.851
12.861
12.874
13.259
12.278
12.671
12.743
12.654
13.106
13.249
12.523
13.068
12.883
12.393
14.102
12.714
13.933
12.683
12.572
12.936
12.792
15.725
12.867
13.476
13.003
12.654
12.883
12.864
12.170
12.793
12.624
12.943
13.379
12.902
12.237
12.066
12.632
14.067
13.326
12.778
12.755
12.713
12.338
13.422
13.209
14.259
12.875
12.807
12.917
14.091
12.860
12.456
13.510
12.892
15.445
13.494
13.347
12.776
12.906
13.161
13.256
13.476
12.872
12.484
13.380
12.960
12.794
12.925
12.696
13.547
13.155
12.521
12.695
12.995
13.453
12.991
12.681
12.359
12.815
12.852
12.460
12.312
12.632
12.901
12.824
13.153
12.789
12.889
12.775
12.786
12.751
12.785
12.769
17.742
12.634
12.754
13.450
12.956
12.788
12.522
12.749
12.727
13.447
13.015
12.827
13.341
14.175
12.643
12.707
13.309
12.019
14.059
12.782
12.694
12.619
15.810
12.764
17.839
12.790
13.263
13.534
12.600
12.727
12.609
12.935
12.859
14.004
12.479
12.846
12.667
13.949
12.786
12.751
12.655
12.671
13.887
12.444
13.045
12.755
15.857
12.709
11.931
12.746
12.812
13.438
13.533
12.757
13.846
12.750
11.924
13.639
12.692
15.669
12.506
12.052
12.550
13.293
12.706
12.128
12.498
12.817
12.681
13.128
16.980
12.619
12.749
12.708
13.150
12.605
13.802
12.594
12.671
12.123
12.678
12.691
12.784
12.952
12.661
12.619
13.463
12.635
12.787
12.859
13.251
12.642
12.598
12.793
12.830
11.998
12.497
14.434
12.844
12.674
13.189
12.285
12.716
13.194
12.881
12.702
12.852
12.571
12.726
12.792
12.836
12.630
13.273
12.633
12.222
12.779
13.448
12.521
12.618
12.597
12.479
12.581
12.647
13.253
12.861
12.773
12.642
12.762
12.867
12.791
12.624
12.439
12.831
13.368
12.799
12.789
13.150
12.634
12.761
16.436
12.702
13.764
13.381
13.376
12.576
13.021
13.334
12.570
12.519
14.537
12.559
12.868
12.058
16.910
12.809
12.669
12.790
12.691
13.212
12.734
12.718
13.253
12.876
12.535
12.886
12.899
12.719
14.141
17.939
12.552
12.576
12.791
12.635
12.683
12.747
12.601
12.895
12.748
12.720
14.611
12.748
13.988
13.774
18.219
12.591
12.868
12.665
13.275
12.703
12.868
12.914
14.534
13.276
14.070
12.642
12.690
12.786
12.789
12.719
13.855
12.796
12.636
12.474
12.705
12.818
12.609
12.561
12.520
12.721
12.747
12.822
13.370
12.909
12.912
12.639
12.633
12.732
16.300
12.563
12.493
12.579
14.494
13.229
12.675
12.597
12.789
12.629
12.572
13.253
12.595
12.632
12.494
13.170
12.723
12.514
12.634
15.735
12.560
12.873
12.931
13.268
12.251
12.641
12.633
12.622
12.011
14.284
13.166
13.008
12.624
12.625
12.719
11.965
12.596
12.699
12.781
12.598
12.780
13.427
12.769
12.514
12.687
13.109
12.808
12.981
12.690
12.709
13.323
13.339
12.742
13.277
12.644
12.711
12.547
13.192
12.810
12.861
12.869
12.512
12.533
13.287
12.548
12.722
13.281
12.634
12.590
12.918
17.721
12.763
12.117
12.064
14.000
12.683
12.655
12.864
12.835
12.641
12.817
12.789
12.937
12.856
12.654
12.735
12.763
12.764
12.769
13.730
12.753
12.842
12.118
12.707
12.710
12.901
12.699
12.168
12.749
12.749
12.850
12.712
12.759
12.639
12.906
13.383
12.475
12.763
12.989
12.891
12.801
12.401
12.712
13.422
12.572
13.240
13.298
13.421
12.710
12.891
12.774
12.717
12.961
12.724
12.500
15.913
13.314
12.730
12.632
12.634
12.452
14.558
13.955
12.958
12.135
12.855
12.812
12.634
13.902
12.694
12.801
12.799
13.184
13.456
12.689
12.664
13.190
12.731
12.574
12.684
12.705
12.830
12.868
12.696
12.781
15.867
13.009
12.862
12.617
12.614
12.481
13.331
12.443
13.147
12.766
13.350
12.634
12.507
12.647
12.541
13.501
12.642
12.611
12.785
12.601
12.893
12.744
14.026
12.665
12.779
12.706
12.875
13.067
12.862
12.786
13.443
12.799
12.749
12.861
12.561
12.438
14.117
12.870
13.895
12.859
12.658
12.970
12.638
12.684
14.031
13.297
12.563
12.792
12.485
16.635
12.671
13.407
12.556
12.763
12.779
12.704
12.831
12.566
12.629
12.479
12.634
12.593
12.792
12.504
12.642
12.717
12.706
12.715
12.666
12.744
12.008
12.744
12.693
15.798
15.848
12.606
12.946
13.564
12.830
12.756
12.725
12.613
12.572
12.684
12.749
12.774
12.733
13.943
13.479
12.634
12.075
12.850
12.552
12.836
12.686
12.634
13.105
12.659
13.470
12.300
12.721
17.824
12.779
12.683
13.543
12.768
12.216
12.809
12.638
12.668
13.943
12.575
12.728
14.074
12.968
12.688
12.710
12.766
12.648
12.544
13.459
13.959
12.534
12.632
12.802
12.054
13.253
12.933
12.916
12.884
13.314
13.290
12.836
12.710
12.865
12.789
12.565
13.250
12.638
12.171
13.803
12.325
12.881
12.473
13.449
12.783
12.054
12.675
12.944
12.795
12.594
13.405
13.098
12.713
12.636
13.285
12.650
13.726
12.707
12.811
12.750
12.685
12.795
12.507
12.861
12.726
13.871
12.713
12.634
12.663
13.267
12.669
12.740
12.627
12.890
13.909
12.832
12.628
13.366
12.574
12.761
13.408
12.520
12.474
12.806
12.829
14.059
12.770
12.910
12.714
12.635
12.138
12.241
12.636
13.017
12.902
13.340
12.806
12.604
12.782
12.557
14.039
12.958
12.706
12.639
12.825
16.791
12.529
12.706
12.690
13.300
12.781
17.835
13.877
12.636
15.954
12.623
12.941
12.646
12.627
12.914
12.651
12.880
12.809
13.878
12.917
12.555
12.710
12.663
13.098
12.597
12.713
11.967
12.051
13.238
13.341
12.750
12.881
13.333
11.850
12.775
12.893
12.861
12.727
12.769
12.791
12.273
12.860
12.634
12.859
12.686
12.706
12.744
12.216
12.794
12.963
12.519
12.888
12.826
12.799
12.793
12.655
12.647
12.486
12.677
12.902
13.119
12.572
12.656
13.990
12.907
12.780
12.641
12.870
14.029
12.641
12.707
12.754
12.791
12.755
14.416
13.521
12.599
12.488
12.702
12.766
12.642
12.770
12.561
15.702
12.748
13.727
12.781
12.709
12.845
13.222
13.869
12.864
12.714
12.871
12.783
14.241
12.785
13.462
12.633
12.705
12.816
12.860
15.313
13.537
12.729
12.656
12.787
12.840
12.870
12.696
12.847
13.385
17.011
13.611
12.850
12.714
12.861
12.963
12.863
12.684
14.537
13.152
12.815
14.744
13.407
12.803
16.659
12.871
12.603
12.734
12.851
13.994
12.665
13.191
12.591
13.803
13.315
12.780
12.129
12.589
12.324
12.705
13.300
12.665
13.488
13.330
12.854
12.910
13.108
12.706
12.999
12.642
12.763
13.446
12.789
12.703
12.782
15.195
12.778
12.707
12.865
14.024
12.661
12.828
12.868
12.708
12.799
12.632
12.631
12.805
14.024
12.624
12.595
12.791
14.108
12.597
12.740
12.875
12.483
12.639
15.066
12.762
12.644
13.799
12.803
13.837
12.289
12.991
12.865
12.876
12.782
13.806
12.705
12.376
12.764
12.710
12.638
12.636
13.281
12.747
13.379
12.681
13.565
13.377
12.855
13.789
13.912
12.791
16.173
12.553
12.945
12.789
12.362
12.833
13.332
12.710
12.753
13.526
12.801
13.873
13.686
13.095
12.674
12.637
12.700
12.684
12.597
13.356
13.294
13.401
12.705
12.942
12.631
12.907
12.795
12.946
12.864
12.167
12.772
12.277
13.019
12.794
12.367
12.702
12.634
12.725
12.525
12.553
12.698
12.649
13.419
12.943
14.587
12.883
12.100
12.667
12.759
12.745
12.832
13.407
12.490
13.552
12.953
12.673
12.752
12.693
12.789
13.248
12.753
14.211
15.251
13.093
12.791
12.674
12.653
13.325
12.748
12.706
12.859
13.416
12.647
12.704
12.871
12.728
12.746
12.876
14.187
12.746
12.799
12.870
12.862
12.862
12.900
12.642
12.717
12.641
12.596
12.831
17.912
12.669
13.481
13.380
12.097
11.862
12.743
12.703
12.732
13.449
12.737
12.708
12.575
12.562
12.787
13.742
12.945
12.742
12.752
12.986
13.253
12.746
12.016
12.954
12.830
13.379
12.635
12.712
12.562
12.758
12.774
12.632
13.098
12.871
13.144
13.031
12.633
12.741
13.330
12.869
12.450
12.677
12.692
12.830
12.894
12.937
12.917
12.549
11.786
13.429
12.807
12.843
12.759
13.374
12.840
12.766
13.097
12.864
12.531
12.699
12.713
12.667
13.051
12.909
16.075
13.302
12.726
12.788
12.660
13.004
12.862
12.939
12.153
12.714
12.689
12.793
12.928
12.897
12.337
12.902
12.800
12.867
12.785
12.822
14.149
12.708
12.795
12.947
12.823
12.634
12.758
12.677
12.795
12.912
12.246
12.878
12.786
13.729
12.676
14.256
12.781
14.612
12.862
12.686
12.675
12.810
12.341
12.248
12.728
13.452
12.815
12.832
11.929
12.783
14.727
13.691
12.655
11.543
12.655
15.254
13.009
12.770
12.770
12.633
12.837
12.678
12.717
12.874
12.785
12.923
14.081
12.464
12.851
12.841
12.690
12.874
12.326
13.336
12.794
13.282
12.815
13.333
12.782
13.354
12.788
12.900
12.981
12.746
12.716
12.861
12.677
12.799
12.630
14.147
12.472
12.561
14.529
12.545
13.838
15.962
12.805
13.758
12.858
12.625
12.793
12.552
12.609
14.106
14.022
12.722
13.261
12.686
13.292
12.572
12.701
12.596
12.794
14.561
13.005
15.985
12.749
12.481
12.692
12.557
12.574
12.599
14.036
13.633
12.599
12.634
12.398
12.495
13.087
14.563
12.696
12.519
12.723
12.715
12.553
12.693
12.789
13.208
12.683
12.661
12.641
12.630
12.793
13.255
12.786
12.719
12.762
12.778
12.783
12.518
12.539
12.634
12.858
13.329
13.412
12.802
12.553
13.294
12.629
12.745
12.634
12.704
14.043
16.440
12.516
13.336
13.947
12.706
12.717
12.514
13.336
12.724
12.910
12.625
12.850
12.875
12.871
12.479
12.758
12.473
12.671
13.494
12.716
12.094
12.720
12.708
12.465
12.708
12.866
12.790
12.554
12.912
12.667
13.546
12.710
12.830
14.378
12.817
12.801
13.418
12.485
12.140
12.708
12.525
12.760
12.522
13.059
13.409
12.783
13.025
12.662
12.706
13.254
12.639
12.484
12.656
12.707
12.993
13.225
12.909
13.800
12.895
14.024
13.405
12.762
12.032
12.601
12.791
12.731
14.503
12.784
12.384
12.685
14.690
13.211
11.945
11.935
12.713
13.204
13.883
12.126
12.911
12.718
12.189
12.467
12.778
12.873
12.806
12.769
13.175
13.178
13.324
12.868
12.706
12.763
12.757
12.774
12.682
13.250
12.701
12.634
12.620
12.538
12.788
12.706
12.817
12.799
11.934
12.541
14.609
14.022
12.482
13.268
12.864
15.093
12.589
12.724
13.241
13.454
13.176
13.454
12.938
12.797
12.527
12.730
12.727
12.674
14.770
12.572
12.653
12.823
12.942
14.126
13.379
13.092
12.742
12.848
12.736
13.253
12.946
12.768
12.022
11.954
13.227
12.244
12.857
12.563
12.065
13.282
13.342
13.296
11.981
13.179
12.755
13.180
12.669
12.878
13.456
12.696
12.845
12.633
12.757
12.780
12.861
15.803
12.671
12.632
12.710
13.135
12.617
12.725
12.552
12.872
12.626
12.246
13.279
15.160
12.708
12.468
12.697
12.548
14.724
12.793
12.674
12.652
12.575
12.548
12.941
12.694
12.795
12.868
12.847
12.701
13.159
12.779
13.348
12.749
12.448
12.797
12.604
12.706
12.911
13.063
12.864
12.721
12.546
13.214
12.634
12.517
14.240
13.127
12.630
13.408
12.824
12.708
13.111
12.934
12.868
13.248
12.641
12.797
12.679
12.537
12.871
12.748
12.720
12.714
12.617
12.585
12.727
14.035
12.707
12.600
12.637
12.596
12.942
12.513
12.647
13.325
12.627
12.956
12.656
12.705
13.057
12.640
12.706
12.524
12.630
13.151
12.820
12.633
12.677
12.500
12.542
12.469
12.161
12.716
13.721
12.690
12.975
12.784
12.758
12.831
12.721
12.869
12.559
13.336
12.711
12.597
13.184
12.758
12.569
12.547
12.962
12.949
13.178
12.568
12.674
13.369
12.704
12.567
12.459
12.697
11.970
13.245
12.554
13.875
13.173
13.255
12.599
13.249
12.822
12.645
12.768
12.784
13.052
12.630
12.541
13.487
12.680
12.789
12.563
12.792
12.767
12.783
12.554
13.510
12.782
12.798
12.830
14.105
13.113
12.651
12.869
12.553
13.136
12.787
13.417
13.960
12.636
12.949
12.574
12.754
12.713
12.861
13.046
12.747
12.477
12.655
12.594
12.728
12.597
12.487
12.244
12.472
12.727
12.662
14.660
12.714
12.909
12.415
12.564
16.760
13.059
12.686
12.082
12.562
12.030
12.712
12.635
12.744
12.625
12.711
12.714
12.743
12.599
12.638
13.017
12.793
12.836
12.350
13.371
12.834
13.388
12.833
13.266
12.633
13.191
12.946
12.802
13.192
12.796
12.477
12.662
13.207
12.716
13.261
12.648
12.789
12.920
12.731
12.885
12.720
12.647
12.614
12.570
12.786
12.892
12.776
12.789
13.253
13.045
12.706
12.634
12.676
12.409
12.691
14.132
13.257
12.688
12.480
12.574
12.643
12.783
12.896
13.572
12.636
13.327
13.407
12.920
12.556
12.616
13.465
12.596
13.369
12.551
13.390
12.756
12.649
12.775
14.405
12.250
12.572
12.940
12.720
12.724
12.773
13.258
12.724
12.553
16.326
12.556
13.175
16.147
15.032
12.559
12.724
12.717
12.594
13.145
12.707
12.692
12.945
12.639
13.011
12.651
12.552
12.647
12.785
12.683
13.220
12.620
12.836
12.006
12.803
12.664
12.679
12.613
13.622
13.412
12.935
12.987
12.879
12.722
12.738
12.693
12.789
12.696
12.675
12.563
12.713
13.408
13.248
12.938
13.011
12.869
12.506
12.556
12.907
12.950
12.665
14.716
12.590
12.904
14.101
12.724
12.653
14.040
12.793
12.675
14.382
12.632
12.747
12.787
13.128
12.708
12.833
12.785
13.023
12.531
12.720
12.873
12.459
12.675
12.450
12.546
12.715
12.705
12.954
12.169
12.793
12.746
13.541
12.783
12.790
12.871
12.790
14.512
12.053
12.787
13.421
13.173
13.412
13.382
12.711
12.800
12.593
12.714
12.561
12.786
13.308
12.233
12.688
12.647
13.557
12.782
12.041
12.556
12.287
12.806
12.129
12.644
12.202
12.609
12.197
12.871
12.913
12.829
12.786
12.584
13.005
14.645
12.026
12.820
12.085
12.711
12.840
13.448
12.633
13.388
12.716
12.090
12.732
12.789
12.519
12.271
12.763
12.747
12.678
13.562
12.634
12.826
12.749
12.681
13.833
12.606
13.067
12.813
13.485
12.831
12.769
12.709
12.782
12.089
13.408
13.352
12.215
12.892
15.389
12.632
13.868
13.374
12.571
12.872
14.500
13.340
12.564
12.784
12.871
12.954
12.752
12.802
13.213
12.760
17.222
13.079
13.377
13.003
12.680
12.752
12.330
13.351
12.758
12.661
13.879
13.577
12.949
12.682
12.760
13.916
12.108
14.157
12.792
13.026
13.253
12.792
12.153
12.475
12.602
13.448
12.612
13.450
14.460
12.778
12.843
12.753
13.060
13.426
13.560
12.789
12.784
12.747
12.789
12.703
14.264
12.783
12.790
13.330
12.683
12.372
12.613
13.335
12.739
12.985
12.686
12.793
12.827
12.569
12.539
13.358
13.861
12.763
13.174
12.507
12.761
12.883
13.148
12.175
12.709
12.938
12.651
12.517
12.800
12.663
13.133
12.859
12.700
12.865
12.601
12.861
13.928
12.851
12.943
12.788
12.744
12.697
12.687
13.398
12.324
12.827
12.596
12.750
12.239
13.253
12.796
12.741
15.138
12.785
14.230
13.659
12.915
12.896
13.468
12.602
12.808
13.063
12.922
12.939
12.707
12.563
12.680
12.603
12.704
12.781
12.787
12.711
12.866
12.756
14.602
14.624
14.080
12.646
12.759
12.688
12.724
12.721
12.874
12.635
12.730
13.443
12.869
12.869
12.558
12.709
12.655
12.722
12.555
12.716
13.487
13.400
12.874
12.644
12.542
12.358
12.763
14.185
13.564
12.621
12.907
12.837
12.177
12.945
12.569
12.740
14.036
12.676
13.442
12.656
12.837
12.609
12.985
13.287
12.763
12.153
15.276
12.759
12.706
12.091
12.620
12.740
12.755
13.004
13.201
12.550
12.287
12.784
14.063
12.610
12.674
12.939
14.303
12.968
12.688
12.706
12.450
12.789
13.420
12.781
12.875
12.780
12.087
13.561
13.215
12.645
12.713
12.800
12.696
12.790
13.570
12.695
12.631
12.833
12.635
13.453
12.696
12.328
13.330
13.017
13.404
13.074
12.720
12.809
12.788
12.262
12.902
12.976
12.722
12.850
12.219
12.242
12.534
12.670
12.840
12.774
12.838
12.771
13.264
12.719
12.315
12.838
12.804
14.006
13.572
13.417
12.777
12.763
11.895
12.743
12.786
12.986
11.869
12.901
12.722
12.293
12.318
15.143
12.639
13.439
14.122
12.706
12.747
13.017
13.325
12.798
12.775
12.197
12.838
12.777
12.596
12.795
12.714
12.095
12.954
12.830
12.715
12.688
12.401
13.985
12.867
12.697
13.894
12.603
12.936
12.253
12.712
12.792
12.713
12.709
12.593
12.550
12.680
12.642
12.760
14.066
12.748
12.877
13.253
12.565
12.771
12.827
12.613
12.761
12.827
13.197
18.167
12.611
12.840
12.860
12.822
12.758
12.760
12.941
13.727
16.332
13.175
12.662
12.954
12.606
12.720
12.655
13.217
13.422
12.594
13.864
12.453
12.630
15.086
12.656
12.655
12.689
12.258
12.248
12.711
12.861
13.047
12.782
12.611
12.865
12.674
12.784
12.591
12.802
12.774
12.788
12.810
12.566
12.350
12.565
13.416
12.748
12.635
12.634
12.630
12.598
13.828
13.200
12.682
13.668
13.380
12.464
12.480
12.782
12.837
12.636
14.644
12.633
12.747
12.826
12.873
12.779
12.781
12.529
13.284
12.525
13.407
12.752
12.078
11.975
12.722
12.629
12.631
12.557
12.820
13.932
12.839
12.642
12.562
12.628
13.712
12.559
12.503
13.411
12.626
12.606
12.583
12.133
12.641
13.038
12.820
13.125
12.603
12.476
12.314
12.632
12.611
12.504
12.318
12.835
12.696
12.568
12.619
12.746
13.556
14.490
15.240
11.498
12.568
13.752
12.830
12.429
12.601
12.093
12.606
12.515
12.716
13.211
13.034
12.676
13.512
13.552
14.097
11.998
12.627
12.858
12.821
12.629
12.670
12.707
12.690
13.484
12.877
12.716
12.991
12.947
13.334
12.951
12.641
12.747
13.342
12.022
12.659
12.978
12.030
12.549
12.651
12.974
12.194
13.615
12.861
12.552
13.103
12.757
13.237
12.655
12.042
12.484
14.774
35.079
12.632
13.493
12.761
12.840
16.375
12.095
12.474
12.835
13.214
12.596
12.829
12.584
13.504
12.770
12.757
12.825
12.678
13.172
12.857
12.601
12.815
13.253
12.714
12.641
12.624
12.165
12.757
12.099
12.669
12.575
12.076
13.949
13.643
12.835
12.893
12.521
12.716
13.335
12.758
12.585
12.737
12.898
12.450
12.778
12.749
14.012
12.983
12.784
14.418
13.974
12.816
12.643
14.496
12.415
12.605
12.713
11.994
12.016
14.500
12.173
13.241
15.747
12.714
12.663
13.965
12.558
13.371
12.572
12.668
12.676
12.784
12.794
13.244
13.449
12.943
12.749
13.325
12.790
12.715
12.891
12.700
12.713
13.800
12.815
12.827
12.952
13.366
12.538
12.640
13.884
12.758
12.672
13.201
13.232
12.875
12.682
12.636
12.871
12.531
12.776
13.456
12.714
12.482
12.086
12.634
12.835
12.559
13.522
14.076
12.788
11.933
12.768
12.877
12.582
13.855
12.054
12.553
12.789
12.485
13.414
13.417
12.723
13.246
12.792
12.582
12.056
13.194
12.706
12.517
12.036
12.670
12.933
12.720
12.902
12.729
12.800
12.512
12.725
13.010
12.838
12.943
12.709
13.013
12.969
12.714
12.031
13.309
14.426
12.727
12.861
13.201
12.778
12.806
12.210
12.877
12.153
12.827
12.162
12.568
12.803
12.520
13.301
13.681
12.911
12.624
13.319
12.441
12.867
12.555
12.637
12.533
13.201
12.866
15.265
12.712
12.824
12.068
12.624
12.685
12.596
12.701
12.325
12.703
12.470
12.878
17.226
13.221
12.644
12.882
12.954
12.707
13.023
12.063
12.865
12.793
14.426
12.772
13.170
12.799
12.709
12.607
12.705
12.513
13.334
12.455
12.642
13.221
13.340
12.849
12.691
12.617
12.438
12.708
14.077
12.613
12.598
13.144
15.119
12.782
12.654
12.718
13.335
13.487
12.706
12.722
12.703
12.551
14.073
12.851
12.701
12.871
12.675
13.010
12.730
12.482
12.207
12.712
12.924
12.629
12.575
13.292
13.884
12.780
12.790
13.309
12.633
12.425
12.644
12.721
13.234
12.725
12.783
12.635
12.791
12.711
12.925
12.162
13.222
12.559
12.748
12.676
12.708
12.791
12.577
12.847
12.546
12.776
12.643
12.876
12.803
12.904
16.989
12.866
12.785
12.952
12.329
12.716
12.943
12.514
12.744
13.265
12.913
12.869
12.569
12.911
12.811
12.955
12.758
12.673
12.632
13.329
14.103
13.005
12.817
13.210
12.897
12.552
12.706
13.500
12.752
12.787
12.770
12.832
12.139
12.789
13.361
12.756
12.864
12.180
12.143
12.593
12.823
12.630
12.552
13.216
12.686
13.317
12.957
15.668
13.054
13.370
12.795
12.843
12.777
12.046
12.888
14.076
12.888
12.719
12.802
13.303
12.540
11.817
13.950
13.138
12.708
12.725
13.220
12.681
12.056
12.882
12.168
12.806
12.904
12.766
13.537
13.098
12.715
12.750
13.378
12.953
12.233
12.172
12.790
12.992
12.747
13.320
14.247
14.097
13.079
13.418
12.943
13.411
12.734
12.711
12.793
13.332
12.703
12.713
13.020
12.677
12.859
12.863
12.634
12.870
12.638
12.836
12.880
13.024
12.691
12.714
13.192
12.557
12.793
12.787
12.635
12.861
13.484
13.428
12.274
12.713
13.944
12.710
12.750
14.457
12.361
12.925
12.755
12.797
13.558
12.802
12.250
12.919
12.706
12.586
13.094
12.256
12.809
12.839
12.870
12.939
12.865
13.115
12.166
12.644
12.717
12.715
12.691
12.747
12.788
12.218
12.835
13.368
12.014
12.892
15.316
13.336
12.869
13.096
12.639
12.787
12.751
12.747
12.553
12.687
12.705
13.906
13.945
12.787
12.825
12.795
12.785
14.127
13.178
12.795
12.397
12.706
13.639
14.036
12.834
12.927
13.172
13.448
12.855
12.680
14.481
12.793
12.796
13.996
12.845
13.870
14.579
12.795
13.528
12.634
12.864
12.954
13.294
12.943
12.793
12.911
12.678
12.527
13.954
14.110
13.478
12.479
13.100
12.828
12.718
12.751
12.206
12.231
12.842
12.637
12.924
12.792
12.831
12.824
12.784
13.088
12.702
12.663
12.784
12.890
13.484
12.609
12.634
13.413
12.730
17.666
12.706
12.827
12.752
12.714
12.828
12.067
12.694
12.952
13.738
12.711
12.715
12.799
12.951
13.012
12.655
12.706
12.963
13.400
12.866
12.951
12.630
13.443
12.638
12.589
12.705
12.845
12.731
14.020
13.497
12.779
13.824
12.633
12.784
12.906
14.881
13.555
12.770
12.785
12.858
13.554
13.490
12.996
12.874
12.188
13.419
12.232
13.456
12.643
12.469
12.946
12.939
12.557
12.948
12.740
12.557
12.938
13.854
12.705
13.489
12.831
13.348
13.490
12.818
12.562
12.671
12.603
13.415
12.901
12.500
12.084
14.002
12.758
12.936
12.848
14.076
12.938
12.686
14.174
12.167
12.844
13.215
11.904
12.180
12.401
12.795
12.787
12.881
12.864
13.204
12.795
12.635
13.963
12.930
12.787
12.218
12.864
12.164
12.828
12.780
12.901
12.770
12.889
12.702
13.527
12.800
12.567
13.051
15.795
12.080
13.608
12.707
12.937
12.793
12.624
13.093
12.951
12.951
14.640
13.955
12.554
12.166
14.608
12.687
12.675
12.841
12.634
12.321
13.108
12.601
12.866
13.976
12.723
12.138
13.367
12.334
12.305
12.053
12.613
13.224
12.822
13.017
12.929
12.788
13.388
13.961
13.371
12.907
12.721
13.030
12.710
15.043
12.702
12.737
12.749
12.884
12.689
12.824
12.865
12.666
13.409
12.780
14.298
12.938
13.478
14.026
12.807
13.232
12.843
12.941
12.674
12.718
12.693
12.954
12.798
12.806
13.827
12.833
12.670
13.953
12.947
12.927
12.630
12.925
13.488
12.933
12.716
13.330
12.709
13.557
12.271
13.398
12.693
13.967
12.863
13.909
12.959
12.941
13.472
13.249
12.836
13.372
12.476
13.553
12.541
12.750
12.943
12.779
12.634
12.840
12.584
12.653
12.091
13.559
12.762
13.308
12.978
12.782
12.786
13.029
12.792
12.950
12.590
12.789
13.392
12.723
12.787
12.792
12.902
14.106
12.724
12.936
12.861
12.196
12.831
12.281
12.553
12.825
12.784
12.789
13.018
13.144
12.692
12.683
14.109
12.912
12.402
12.646
12.832
12.823
12.864
13.644
13.014
12.859
12.865
13.461
12.689
13.109
13.041
12.745
12.792
13.532
12.722
13.391
12.770
12.876
13.488
12.956
12.362
12.754
12.794
13.404
12.926
13.191
12.984
15.969
12.789
12.794
12.780
12.196
13.408
12.927
13.476
12.009
12.866
13.875
13.022
13.376
12.784
12.980
13.555
12.809
13.170
12.690
12.902
13.383
14.767
12.714
13.368
13.429
12.834
12.797
12.708
13.323
12.752
12.591
12.787
12.552
13.299
12.789
12.639
13.948
12.609
12.736
12.442
13.867
13.111
12.553
13.322
12.690
13.758
12.553
12.573
12.791
12.817
13.805
12.743
12.418
14.448
13.251
12.639
12.799
12.705
12.599
12.844
12.664
12.790
12.044
12.557
13.014
12.760
12.715
12.708
12.707
12.643
12.416
12.693
12.747
12.640
14.044
17.620
12.727
12.717
12.934
12.873
13.796
12.682
12.702
13.387
13.325
13.345
12.593
12.887
12.634
12.785
12.831
12.710
12.663
13.422
12.758
13.223
12.826
12.724
12.788
12.789
12.265
12.792
12.723
12.759
12.852
12.772
12.609
12.779
12.575
12.574
12.785
13.340
12.725
12.786
13.553
12.613
12.870
12.705
12.630
12.787
12.856
16.551
13.166
12.560
12.655
12.710
12.669
12.835
14.334
12.720
12.555
12.564
13.212
13.842
12.688
13.888
12.026
12.817
12.544
12.778
13.408
12.557
13.265
12.785
12.548
12.572
13.253
13.250
12.714
12.498
14.645
12.778
12.619
12.641
12.783
12.546
13.040
13.642
12.648
12.718
12.692
17.042
13.370
12.829
12.938
12.556
12.574
12.946
12.749
12.628
12.572
13.878
12.859
12.066
12.652
12.640
12.790
12.627
13.057
12.701
12.787
12.792
12.657
13.499
12.786
12.638
12.887
12.953
12.924
12.564
12.760
14.081
12.905
12.783
12.798
12.021
14.023
13.870
12.593
12.944
14.256
12.656
13.210
12.715
12.448
12.776
12.874
12.709
13.045
12.800
12.655
14.494
12.645
12.703
12.642
12.749
12.817
12.086
12.013
12.195
12.865
13.009
12.653
11.918
12.935
13.304
12.593
12.638
12.087
13.016
12.558
12.785
12.630
12.493
13.414
13.482
12.712
12.670
12.556
13.145
12.628
12.635
12.634
12.554
12.835
12.547
13.333
14.645
12.616
12.528
12.604
13.144
12.556
13.448
12.055
12.641
12.712
12.335
12.626
12.940
12.487
13.018
12.736
12.539
12.633
12.704
12.794
15.088
12.789
12.711
12.877
12.713
12.599
12.720
12.749
12.602
12.916
12.713
12.488
12.632
12.869
12.632
12.644
12.061
12.904
12.562
12.639
12.631
12.392
12.658
12.640
12.561
12.557
13.172
12.708
12.763
13.108
13.532
12.767
13.264
12.637
12.710
12.593
12.492
12.862
12.713
12.627
13.104
12.757
12.791
12.567
13.409
13.221
12.844
12.722
12.614
12.556
12.665
12.591
12.758
12.478
12.905
12.558
13.249
12.562
12.647
12.941
12.548
12.803
13.338
12.522
13.293
12.541
12.582
12.603
12.638
12.403
12.527
12.775
12.006
12.636
12.480
12.649
12.562
11.946
12.706
11.933
12.737
13.166
12.713
12.552
13.174
12.723
17.285
12.806
13.871
12.013
13.256
12.829
13.291
12.830
12.710
11.953
12.834
12.774
12.167
12.051
13.301
12.564
12.861
12.789
12.646
12.628
12.711
11.933
12.791
12.767
12.510
13.330
12.634
12.718
12.938
12.584
12.559
12.668
12.638
12.713
12.608
12.551
13.445
12.474
12.589
12.563
12.668
13.991
12.757
12.714
13.289
12.601
16.276
13.187
13.180
13.270
13.253
12.737
12.593
12.653
12.696
12.842
13.777
13.183
12.558
13.226
12.586
13.176
18.997
13.089
12.144
12.593
12.640
12.617
13.859
12.014
12.762
12.880
12.637
13.889
13.040
12.553
12.484
12.862
12.851
11.969
13.419
12.624
12.758
12.391
13.203
13.231
11.985
12.797
12.905
11.969
12.798
12.171
12.552
12.568
12.555
13.288
12.688
12.692
13.265
12.115
12.780
12.473
12.793
12.964
12.731
12.758
12.782
12.880
12.198
12.647
12.756
12.805
12.579
13.297
13.280
12.796
12.707
13.879
13.263
13.336
12.833
12.766
12.785
12.943
14.567
12.706
12.706
12.836
12.707
12.690
12.663
12.656
12.403
12.687
12.410
13.493
12.745
13.345
15.884
12.212
12.548
12.780
14.488
12.710
12.562
12.071
13.554
12.212
12.675
12.799
12.748
12.706
12.747
13.634
14.583
12.589
12.940
13.339
13.291
12.925
12.402
12.845
12.860
12.830
12.570
12.748
12.808
12.753
12.556
12.926
12.539
12.869
12.789
13.015
12.878
12.583
13.338
13.126
12.906
12.840
13.015
12.714
12.647
13.307
13.302
12.786
13.486
12.886
12.650
12.490
12.643
13.409
12.625
14.496
12.868
13.400
12.868
12.655
12.800
13.376
12.790
13.400
13.249
13.952
12.617
12.604
12.869
14.098
12.639
12.945
12.796
12.758
12.961
12.789
13.325
12.706
12.880
14.218
11.973
13.388
12.168
12.477
12.670
12.876
14.026
12.628
12.438
12.627
13.522
12.783
12.687
12.677
14.067
12.791
12.560
12.943
12.775
13.229
12.687
14.085
12.824
13.025
13.345
12.547
13.441
13.278
13.013
12.790
14.568
12.709
13.087
12.862
12.947
13.222
12.863
12.720
12.762
18.065
12.755
12.785
13.468
12.829
14.036
12.943
12.801
12.851
12.816
12.877
11.947
13.458
12.902
13.040
13.069
12.887
12.779
12.945
12.835
12.825
12.169
12.801
12.715
12.996
12.403
12.663
12.756
12.675
12.667
12.787
12.597
12.704
12.225
12.671
12.942
12.941
12.838
12.766
12.720
13.943
12.672
12.081
12.791
12.846
12.626
12.554
12.641
12.863
12.868
13.157
13.390
12.695
14.732
13.297
12.756
12.557
12.478
12.790
13.136
12.194
12.786
12.781
13.979
12.707
12.862
12.795
12.752
13.367
13.026
12.586
12.896
13.418
13.778
12.866
12.541
14.417
12.836
12.638
12.561
12.628
12.210
12.787
12.598
12.704
12.949
12.705
12.653
12.790
12.789
12.876
12.798
13.253
12.777
12.757
12.890
12.743
17.448
12.890
12.685
12.987
12.650
11.979
12.246
12.394
14.048
13.057
12.768
12.785
11.811
12.872
12.489
12.051
12.777
12.679
12.653
13.504
13.500
14.265
12.675
12.849
13.871
12.712
12.801
13.331
12.853
12.767
12.787
13.418
12.749
13.407
12.295
13.214
12.743
12.796
12.634
12.950
12.826
12.943
13.180
14.142
12.735
12.613
12.634
12.941
12.795
12.221
12.790
13.128
12.687
12.965
12.748
13.386
12.785
12.977
12.273
13.180
12.796
12.835
12.417
12.536
12.877
12.755
12.671
12.786
12.436
12.785
14.074
12.293
12.786
13.322
12.872
13.245
12.894
14.493
12.562
16.005
12.885
14.106
12.876
12.937
13.343
12.628
12.881
12.957
12.727
13.374
14.686
12.801
12.750
12.821
12.716
14.024
13.449
12.562
14.030
12.634
12.866
12.687
13.562
12.720
12.626
12.665
12.789
12.723
12.634
12.656
12.739
12.092
12.715
13.341
12.690
12.798
13.330
12.571
12.626
12.630
13.352
12.749
12.691
12.912
12.901
12.723
12.770
13.902
14.025
12.553
12.253
13.146
12.783
12.785
12.989
12.944
12.797
14.025
12.611
16.106
12.787
12.709
12.872
13.716
12.867
12.860
12.727
12.147
13.077
12.938
12.762
12.706
13.099
12.727
12.864
12.713
12.714
14.179
12.813
12.786
12.604
12.796
12.405
13.185
12.862
13.305
12.024
12.779
12.760
14.026
14.114
12.646
12.692
12.710
12.674
13.350
12.916
12.875
12.214
13.413
12.950
12.552
12.789
12.873
12.787
12.713
12.916
13.201
13.566
12.825
12.864
12.709
12.906
12.614
13.480
18.059
12.861
13.493
13.418
12.637
13.137
12.788
12.981
12.809
13.369
12.753
12.928
13.479
12.920
12.646
12.861
13.914
12.873
12.644
13.405
12.830
12.996
12.875
12.638
14.263
12.780
12.939
13.077
13.252
13.876
12.824
12.587
12.787
13.561
14.776
12.749
12.866
12.596
12.637
12.671
13.487
12.859
13.909
13.331
12.674
14.655
13.490
13.420
12.708
12.788
12.710
12.826
12.778
12.765
12.706
13.879
13.091
12.910
13.217
14.041
12.709
12.609
13.309
12.646
12.712
12.691
12.582
12.562
12.712
12.902
13.435
13.404
13.330
12.824
13.448
12.757
12.757
13.093
13.100
12.866
12.749
12.645
12.880
12.746
12.640
12.826
12.209
12.543
13.448
12.855
13.712
13.569
12.792
13.403
12.639
12.475
12.488
12.294
12.594
12.790
13.325
13.284
12.856
12.709
12.869
13.393
12.711
12.503
12.706
12.926
13.204
13.921
12.675
13.425
13.417
12.555
12.714
12.783
13.867
12.718
12.871
12.369
12.898
12.714
12.643
13.453
12.872
12.787
12.645
12.709
13.228
12.631
12.713
12.859
12.826
13.326
12.791
12.706
12.750
12.903
12.657
12.638
13.183
12.785
12.671
12.751
12.680
12.706
12.799
12.839
14.020
12.739
12.788
13.335
12.471
12.936
14.273
12.505
12.632
12.552
14.338
12.646
12.655
12.703
12.951
12.667
12.865
13.999
13.840
12.794
12.771
12.708
12.747
12.511
12.638
12.566
12.513
12.825
12.554
13.014
12.868
12.783
12.827
13.181
12.399
12.637
14.440
12.655
12.710
12.713
12.482
12.877
12.541
12.799
13.401
13.186
12.709
12.638
13.328
12.772
12.593
13.178
12.843
11.902
12.706
14.552
12.744
14.222
14.236
12.846
13.258
12.716
12.544
12.562
12.760
14.022
11.929
12.882
13.241
13.875
12.698
12.679
15.322
12.604
12.709
12.997
12.787
12.734
12.674
11.945
13.329
15.469
14.036
12.758
13.092
12.716
13.139
11.591
12.682
13.461
12.996
12.870
12.517
12.572
13.288
12.758
12.713
12.789
12.706
12.711
13.330
12.561
12.800
12.945
12.766
12.848
12.653
12.647
13.025
12.716
12.263
12.812
13.159
12.610
13.248
12.947
12.605
13.112
13.135
12.846
13.251
15.789
14.366
12.861
13.138
12.112
12.701
12.556
12.860
12.610
13.211
12.884
13.419
12.549
12.596
11.978
12.745
12.717
12.702
12.648
13.385
12.563
13.686
12.624
12.859
12.709
12.657
12.953
13.019
12.579
13.242
13.401
12.669
12.706
12.715
12.797
12.946
12.741
12.641
12.716
12.657
13.634
12.675
12.717
12.205
12.618
13.326
12.859
13.015
13.917
12.777
13.944
12.913
12.543
12.705
13.376
13.871
12.932
13.077
12.830
12.859
12.716
12.795
12.762
12.830
12.928
13.250
12.690
13.428
12.729
12.651
12.606
12.953
13.335
13.335
13.309
12.568
12.982
13.393
13.008
13.404
12.879
12.784
12.566
12.160
12.709
12.022
13.024
12.713
12.782
12.784
12.627
12.826
12.712
12.725
12.713
13.407
12.859
12.646
16.464
12.779
12.713
12.552
12.807
12.717
12.630
12.641
12.720
12.517
13.314
12.479
12.482
12.024
12.584
14.567
12.674
13.224
12.754
12.630
12.861
12.797
12.715
12.729
12.458
12.750
13.292
12.724
12.605
13.792
12.753
12.949
12.634
12.626
13.191
14.581
12.753
13.952
12.677
12.760
12.381
12.727
12.479
12.619
12.576
12.487
12.518
12.138
12.555
13.407
13.524
12.634
12.675
13.250
12.786
12.470
13.346
12.794
14.103
13.957
14.022
12.717
13.997
15.147
12.628
12.639
13.545
12.872
12.707
12.951
12.653
13.128
13.343
12.709
12.706
12.706
13.254
13.645
12.717
12.799
12.753
12.552
13.895
12.875
13.264
12.863
13.494
12.702
12.865
13.015
12.652
13.305
12.636
12.564
12.636
13.237
12.476
12.524
12.496
12.411
12.954
13.931
12.714
12.746
12.284
12.518
13.334
13.256
12.863
12.593
12.556
13.292
12.707
12.969
12.648
12.618
13.725
13.282
14.109
12.661
12.789
12.616
13.446
16.940
12.633
12.644
13.008
15.390
12.788
12.843
13.672
15.034
12.558
12.833
12.786
12.643
12.880
12.798
12.709
12.783
13.260
12.844
12.644
12.558
12.833
12.806
12.656
12.736
13.459
12.673
12.942
12.677
12.787
12.477
13.873
12.734
12.867
12.753
12.629
12.516
12.576
13.301
12.553
12.732
12.864
12.648
12.097
12.631
12.858
13.212
12.861
13.289
12.863
12.627
12.403
13.319
12.827
12.749
12.706
12.685
12.821
12.711
12.562
12.547
12.644
12.782
12.779
13.718
13.635
12.631
13.005
12.320
12.755
13.862
13.261
12.627
12.787
12.720
13.869
12.459
12.564
12.641
12.581
13.247
13.258
12.709
13.094
12.789
12.689
13.096
12.701
14.004
12.531
14.026
12.672
13.875
13.068
12.700
12.625
12.715
12.706
13.961
12.711
13.332
12.789
12.767
13.255
12.575
12.475
12.551
12.518
12.543
12.540
12.672
12.654
13.318
13.265
12.910
13.433
13.401
13.255
13.168
12.871
12.719
13.210
12.779
12.856
12.606
12.864
12.494
12.648
13.797
14.727
12.803
12.871
12.791
13.485
12.659
12.387
13.016
17.743
12.791
12.021
14.422
14.034
12.843
12.591
12.783
12.779
12.280
14.149
12.717
12.704
12.572
12.862
12.776
13.401
13.446
12.550
12.711
13.479
13.403
12.675
13.328
13.262
12.759
12.943
12.658
13.372
12.903
13.010
12.794
13.022
13.245
12.768
12.625
12.676
13.444
12.634
12.644
12.862
13.254
12.783
12.327
12.875
12.714
12.943
12.720
12.869
12.744
12.813
12.870
13.305
13.297
12.825
13.880
12.831
12.770
15.345
15.266
12.359
12.785
13.331
12.708
12.552
12.795
12.673
13.411
12.941
12.790
13.265
12.708
12.584
12.715
12.644
12.649
12.791
12.251
12.642
12.831
12.281
12.646
12.962
12.842
12.871
13.036
12.747
12.761
12.482
13.410
12.858
13.333
12.518
13.916
12.596
12.797
12.799
12.795
12.843
12.193
12.904
12.858
12.630
12.749
12.703
12.635
13.486
12.061
12.871
14.084
12.085
13.484
14.009
12.160
13.262
12.738
12.784
13.422
12.716
12.695
12.626
12.763
12.948
12.795
12.557
14.572
12.793
14.024
12.645
12.676
12.593
12.785
12.692
12.737
12.561
12.736
12.627
12.714
12.706
12.178
12.819
12.785
13.179
12.784
12.715
12.707
13.324
12.717
12.717
12.716
13.367
12.803
13.455
12.908
12.457
12.100
12.937
12.644
12.100
12.860
13.452
13.925
12.468
14.001
12.801
12.922
12.834
12.860
14.185
13.019
12.794
12.839
14.007
13.310
12.964
13.562
12.631
12.809
12.757
14.112
13.043
12.804
13.015
12.789
12.732
11.774
12.768
12.788
13.010
13.248
12.774
12.789
12.858
12.793
12.810
12.703
12.342
12.537
12.793
12.263
12.964
13.328
12.635
12.712
12.918
13.341
13.026
13.000
14.165
12.865
13.383
12.966
13.697
12.496
14.456
13.364
13.454
12.593
12.629
12.070
12.643
12.843
12.759
12.482
12.709
12.787
12.870
12.828
13.022
12.549
15.225
12.834
13.326
12.873
12.562
12.780
12.921
12.912
12.399
12.665
12.747
12.935
12.868
12.317
12.803
12.761
12.608
12.765
13.305
13.430
13.065
13.300
13.479
12.730
13.335
12.864
12.636
12.874
14.132
12.760
13.366
12.861
12.840
12.810
12.704
12.711
12.134
14.520
12.853
12.712
13.351
12.648
12.603
12.729
12.207
12.655
13.257
14.646
13.410
12.906
13.013
12.779
12.710
13.451
13.995
14.424
12.634
12.640
13.251
13.302
12.633
12.599
13.251
12.164
12.788
12.789
13.255
12.982
12.781
12.786
12.672
12.706
12.637
13.301
13.298
12.869
12.870
14.105
12.707
13.348
12.566
12.713
12.778
12.772
13.031
12.751
12.772
12.705
12.915
13.290
14.113
11.995
13.145
12.833
12.861
12.784
12.672
12.628
12.768
14.043
13.260
12.713
12.982
12.789
12.789
12.824
12.256
12.520
12.777
12.593
12.672
12.795
12.193
12.789
12.782
12.876
12.179
12.752
12.986
12.800
13.253
12.987
12.169
12.689
12.640
12.692
14.569
12.872
12.246
12.755
12.715
12.737
12.866
14.107
12.667
12.837
13.325
14.142
12.845
12.719
12.813
12.754
12.709
12.874
12.850
13.500
12.860
12.866
13.140
12.093
12.786
