LMem%,Xput,XputErr,Faults,FaultsErr,NetReads,NetReadsErr,KFaults,KFaultsErr,HitR,Count,System,Backend,EvP,EvB,CPU,Zipfs,XputNorm,XputErrNorm
100,518723,0,4631,0,4458,,0,,0,1,eden,,NONE,32,10,,0.988582,
91,515483,0,3554,0,3552,,0,,0,1,eden,,NONE,32,10,,0.982408,
83,494219,0,36580,0,36573,,0,,0,1,eden,,NONE,32,10,,0.941883,
75,478878,0,68561,0,68553,,1,,0,1,eden,,NONE,32,10,,0.912646,
66,469308,0,89155,0,89145,,3,,0,1,eden,,NONE,32,10,,0.894407,
58,458945,0,117150,0,117136,,7,,0,1,eden,,NONE,32,10,,0.874657,
50,445021,0,149472,0,149449,,16,,0,1,eden,,NONE,32,10,,0.848121,
41,417063,0,217300,0,217202,,101,,0,1,eden,,NONE,32,10,,0.794839,
33,325002,0,547087,0,546883,,285,,0,1,eden,,NONE,32,10,,0.619389,
22,131154,0,1058673,0,1058501,,99,,0,1,eden,,NONE,32,10,,0.249953,
16,88757,0,1119916,0,1119682,,73,,0,1,eden,,NONE,32,10,,0.169153,
8,58104,0,1178717,0,1178298,,57,,0,1,eden,,NONE,32,10,,0.110735,
4,46188,0,1172790,0,1172074,,53,,0,1,eden,,NONE,32,10,,0.0880251,
