LMem%,Xput,XputErr,Faults,FaultsErr,NetReads,NetReadsErr,KFaults,KFaultsErr,HitR,Count,System,Backend,EvP,EvB,CPU,Zipfs,XputNorm,XputErrNorm
100,502063,0,942,0,815,,0,,0,1,eden,,NONE,32,10,,0.98655,
91,496984,0,3865,0,3864,,0,,0,1,eden,,NONE,32,10,,0.976569,
83,478302,0,34197,0,34191,,0,,0,1,eden,,NONE,32,10,,0.939859,
75,464215,0,67688,0,67680,,1,,0,1,eden,,NONE,32,10,,0.912179,
66,456355,0,88129,0,88119,,4,,0,1,eden,,NONE,32,10,,0.896734,
58,446589,0,111650,0,111637,,5,,0,1,eden,,NONE,32,10,,0.877544,
50,432582,0,144672,0,144652,,13,,0,1,eden,,NONE,32,10,,0.85002,
41,405457,0,207922,0,207832,,91,,0,1,eden,,NONE,32,10,,0.79672,
33,309545,0,558936,0,558682,,191,,0,1,eden,,NONE,32,10,,0.608253,
22,130203,0,1013035,0,1012723,,95,,0,1,eden,,NONE,32,10,,0.255848,
16,84162,0,1124293,0,1123785,,69,,0,1,eden,,NONE,32,10,,0.165378,
8,51166,0,1167063,0,1166228,,53,,0,1,eden,,NONE,32,10,,0.100541,
4,39779,0,1133738,0,1132464,,49,,0,1,eden,,NONE,32,10,,0.0781654,
