LMem%,Xput,XputErr,Faults,FaultsErr,NetReads,NetReadsErr,KFaults,KFaultsErr,HitR,Count,System,Backend,EvP,EvB,CPU,Zipfs,XputNorm,XputErrNorm
100,341125,906.139,0,0,0,,,,,9,fastswap,,,,10,,1.00305,0.00266443
91,330898,1126.08,0,0,0,,,,,4,fastswap,,,,10,,0.972978,0.00331114
83,320333,1588.74,366,166.383,272,,,,,4,fastswap,,,,10,,0.941912,0.00467156
75,284428,8778.5,24098,9280.34,9680,,,,,4,fastswap,,,,10,,0.836336,0.0258124
66,243064,4647.83,75805,5782.45,38430,,,,,4,fastswap,,,,10,,0.714709,0.0136666
58,238477,16923.4,98800,17597,61870,,,,,4,fastswap,,,,10,,0.701221,0.0497618
50,181212,16295.5,169209,11663.2,85475,,,,,4,fastswap,,,,10,,0.532839,0.0479155
41,187989,5626.84,174177,5046.15,99913,,,,,4,fastswap,,,,10,,0.552766,0.0165452
33,138324,9462.05,207850,7583.85,108639,,,,,4,fastswap,,,,10,,0.40673,0.0278224
22,85262,2552.28,200175,2225.12,111483,,,,,4,fastswap,,,,10,,0.250706,0.00750476
16,60361,193.31,188487,4139.91,101630,,,,,3,fastswap,,,,10,,0.177486,0.000568412
8,15246,157.101,318954,3078.37,295164,,,,,3,fastswap,,,,10,,0.0448296,0.000461942
4,10349,30.1257,291266,1882.08,263755,,,,,3,fastswap,,,,10,,0.0304304,8.85821e-05
