LMem%,Xput,XputErr,Faults,FaultsErr,NetReads,NetReadsErr,KFaults,KFaultsErr,HitR,Count,System,Backend,EvP,EvB,CPU,Zipfs,XputNorm,XputErrNorm
100,311382,4417.77,0,0,0,,0,,1,3,eden,,NONE,32,10,,0.958556,0.0135996
91,311825,1283.31,0,0,0,,0,,1,3,eden,,NONE,32,10,,0.959919,0.00395053
83,309319,1890.52,3,1.88562,0,,0,,0,3,eden,,NONE,32,10,,0.952205,0.00581976
75,313607,2140.66,2,1.24722,0,,0,,0,3,eden,,NONE,32,10,,0.965405,0.00658979
66,304196,89.5817,2423,9.89949,2420,,0,,0,3,eden,,NONE,32,10,,0.936434,0.000275768
58,308395,6396.37,1637,39.0413,1636,,0,,0,3,eden,,NONE,32,10,,0.94936,0.0196905
50,296232,1192.46,7117,51.4414,7115,,0,,0,3,eden,,NONE,32,10,,0.911918,0.00367086
41,288273,591.552,96793,3379.42,96784,,3,,0,3,eden,,NONE,32,10,,0.887417,0.00182103
33,282939,6486.15,105140,486.542,105127,,7,,0,3,eden,,NONE,32,10,,0.870997,0.0199669
22,262294,2483.23,180645,2253.6,180298,,414,,0,3,eden,,NONE,32,10,,0.807444,0.00764435
16,261702,2864.1,180068,3689.8,179721,,415,,0,3,eden,,NONE,32,10,,0.805621,0.00881682
8,166924,8864.13,1925595,51695,463400,,226,,0,3,eden,,NONE,32,10,,0.513857,0.0272873
4,120079,28196.4,1768708,287827,697812,,139,,0,3,eden,,NONE,32,10,,0.36965,0.0867996
