LMem%,Xput,XputNorm,XputErr,XputErrNorm,Faults,FaultsErr,NetReads,NetReadsErr,HitR,Count,System,Backend,EvP,EvB,CPU,Zipfs
4.999248798076923,136547.0,0.3324042202022464,0.00022203152929257554,0.000540504129382626,,,,,,,,,,,,
8.330829326923077,142890.0,0.3478453501336462,0.00017805804297100542,0.0004334569410130959,,,,,,,,,,,,
16.69921875,173120.3333333333,0.42143679028334297,0.0003338785541014747,0.0008127797785257571,,,,,,,,,,,,
22.243088942307693,230433.33333333334,0.5609571244719473,0.00031380283972937795,0.0007639083116985162,,,,,,,,,,,,
33.78155048076923,230047.0,0.5600166510056331,0.0004872254782610063,0.0011860810209233259,,,,,,,,,,,,
41.66541466346154,319848.3333333334,0.7786252046888973,0.0011203345730430483,0.002727294924956139,,,,,,,,,,,,
50.0,321585.6666666666,0.782854495203504,0.0010472842127246158,0.002549464228879773,,,,,,,,,,,,
58.33458533653846,324206.3333333333,0.7892341348861288,0.001110685173915428,0.0027038048373494114,,,,,,,,,,,,
66.66541466346153,327310.99999999994,0.7967920036223239,0.0018676109516349289,0.004546432818145987,,,,,,,,,,,,
75.0,327537.99999999994,0.7973446027858787,0.0006919340045601591,0.0016844147672027846,,,,,,,,,,,,
83.33458533653847,333197.6666666667,0.8111222550590007,0.0014851391255442275,0.003615359641137259,,,,,,,,,,,,
91.66541466346153,336523.3333333333,0.8192181168134585,0.0008016002051452384,0.001951381510434251,,,,,,,,,,,,
100.0,352855.0,0.8589752328462995,0.0016737660131173298,0.004074544928788554,,,,,,,,,,,,
103.87620192307692,355414.6666666666,0.8652063767184536,0.001265317175871537,0.0030802344185817732,,,,,,,,,,,,
