LMem%,Xput,XputErr,Faults,FaultsErr,NetReads,NetReadsErr,KFaults,KFaultsErr,HitR,Count,System,Backend,EvP,EvB,CPU,Zipfs,XputNorm,XputErrNorm
100,365877,7622.5,0,0,0,,0,,1,2,eden,,NONE,32,10,,0.958092,0.0199604
91,372162,896.5,0,0,0,,0,,1,2,eden,,NONE,32,10,,0.97455,0.00234759
83,374690,1936,8,1.5,1,,0,,0,2,eden,,NONE,32,10,,0.98117,0.00506964
75,376282,2667,4,0,0,,0,,0,2,eden,,NONE,32,10,,0.985338,0.00698385
66,371949,3444,1148,38,1146,,0,,0,2,eden,,NONE,32,10,,0.973992,0.00901852
58,359762,671,20975,217.5,20972,,0,,0,2,eden,,NONE,32,10,,0.942079,0.00175709
50,358733,2146.5,24716,51,24701,,1,,0,2,eden,,NONE,32,10,,0.939384,0.00562086
41,339540,290,118601,980,118589,,7,,0,2,eden,,NONE,32,10,,0.889125,0.000759399
33,331022,17,141852,550.5,141831,,16,,0,2,eden,,NONE,32,10,,0.86682,4.45165e-05
22,305692,709.5,212779,2183.5,212348,,524,,0,2,eden,,NONE,32,10,,0.80049,0.00185791
16,254260,2573.5,1326241,30389,368941,,409,,0,2,eden,,NONE,32,10,,0.66581,0.00673901
8,175249,5755.5,2041552,47250.5,564774,,205,,0,2,eden,,NONE,32,10,,0.45891,0.0150714
4,158049,1234,2299091,16178.5,582114,,176,,0,2,eden,,NONE,32,10,,0.41387,0.00323137
