LMem%,Xput,XputErr,Faults,FaultsErr,NetReads,NetReadsErr,KFaults,KFaultsErr,HitR,Count,System,Backend,EvP,EvB,CPU,Zipfs,XputNorm,XputErrNorm
100,516047,104.5,0,0,0,,0,,1,2,eden-bh,,NONE,32,10,,0.987255,0.00019992
91,515627,103,0,0,0,,0,,1,2,eden-bh,,NONE,32,10,,0.986451,0.00019705
83,512170,212.5,929,8,924,,0,,0,2,eden-bh,,NONE,32,10,,0.979838,0.000406536
75,507794,412,690,2.5,381,,0,,0,2,eden-bh,,NONE,32,10,,0.971466,0.000788201
66,473933,133.5,57173,1535,30866,,0,,0,2,eden-bh,,NONE,32,10,,0.906686,0.0002554
58,364288,9742.5,312408,22513.5,245759,,19,,0,2,eden-bh,,NONE,32,10,,0.696923,0.0186385
50,276962,5021,492869,4549.5,492842,,29,,0,2,eden-bh,,NONE,32,10,,0.529859,0.00960573
41,227044,2284,625204,1403,625157,,38,,0,2,eden-bh,,NONE,32,10,,0.43436,0.00436954
33,168794,1172.5,762511,7364.5,760057,,34,,0,2,eden-bh,,NONE,32,10,,0.322922,0.00224312
22,101309,0,926838,0,925020,,31,,0,1,eden-bh,,NONE,32,10,,0.193815,
16,73814,807,955401,33504.5,953975,,31,,0,2,eden-bh,,NONE,32,10,,0.141214,0.00154388
8,52260,23,1020963,1051,1019860,,36,,0,2,eden-bh,,NONE,32,10,,0.0999791,4.40015e-05
4,42972,0,997922,0,996965,,48,,0,1,eden-bh,,NONE,32,10,,0.0822102,
