LMem%,Xput,XputErr,Faults,FaultsErr,NetReads,NetReadsErr,KFaults,KFaultsErr,HitR,Count,System,Backend,EvP,EvB,CPU,Zipfs,XputNorm,XputErrNorm
100,374674,1695.5,0,0,0,,0,,1,2,eden-bh,,NONE,32,10,,0.981128,0.00443986
91,376843,1381.5,0,0,0,,0,,1,2,eden-bh,,NONE,32,10,,0.986807,0.00361762
83,379121,972.5,0,0.5,0,,0,,0,2,eden-bh,,NONE,32,10,,0.992773,0.0025466
75,375694,2918.5,1,1,0,,0,,0,2,eden-bh,,NONE,32,10,,0.983799,0.00764243
66,374971,2667.5,0,0.5,0,,0,,0,2,eden-bh,,NONE,32,10,,0.981905,0.00698516
58,375378,3193.5,1536,3.5,1536,,0,,0,2,eden-bh,,NONE,32,10,,0.982971,0.00836255
50,321713,6545,162956,15787,32693,,1,,0,2,eden-bh,,NONE,32,10,,0.842443,0.0171388
41,268243,2398,317634,20837.5,51033,,1,,0,2,eden-bh,,NONE,32,10,,0.702426,0.00627944
33,191073,197.5,622971,1885.5,95490,,2,,0,2,eden-bh,,NONE,32,10,,0.500347,0.000517177
22,118386,0,896017,0,132443,,4,,0,1,eden-bh,,NONE,32,10,,0.310008,
16,75251,180,1041348,5801,137210,,6,,0,2,eden-bh,,NONE,32,10,,0.197054,0.000471351
8,56605,1019,985933,2891.5,984457,,23,,0,2,eden-bh,,NONE,32,10,,0.148227,0.00266837
4,45791,113.5,1034291,9364,985670,,38,,0,2,eden-bh,,NONE,32,10,,0.119909,0.000297213
