LMem%,Xput,XputNorm,XputErr,XputErrNorm,Faults,FaultsErr,NetReads,NetReadsErr,HitR,Count,System,Backend,EvP,EvB,CPU,Zipfs
4.999248798076923,108695.33333333333,0.32212381267928225,0.001969548227950311,0.0058368502583037605,,,,,,,,,,,,
8.330829326923077,111409.66666666667,0.33016786917556673,0.006194673105894197,0.01835820966713491,,,,,,,,,,,,
16.69921875,195015.3333333333,0.5779372561617591,0.004662223098718276,0.013816720866156935,,,,,,,,,,,,
22.243088942307693,297192.6666666667,0.8807446644779878,0.0032273762649489075,0.00956448373204582,,,,,,,,,,,,
33.78155048076923,297430.3333333334,0.8814490009979253,0.004704568016536947,0.013942212052917553,,,,,,,,,,,,
41.66541466346154,297442.99999999994,0.881486539269675,0.0024733070977943717,0.0073297637335082025,,,,,,,,,,,,
50.0,296447.6666666667,0.8785368213895444,0.005044125714355486,0.014948507510979921,,,,,,,,,,,,
58.33458533653846,304215.6666666667,0.9015576604647515,0.003172191075931934,0.00940093978821279,,,,,,,,,,,,
66.66541466346153,297987.3333333333,0.8830996971056609,0.009859521433055915,0.029219162753467524,,,,,,,,,,,,
75.0,304363.6666666666,0.9019962655346704,0.0058729495901879356,0.017404766659696216,,,,,,,,,,,,
83.33458533653847,306727.0,0.909000116763782,0.001684416417239699,0.0049918485165953,,,,,,,,,,,,
91.66541466346153,313249.3333333333,0.9283293631671712,0.003454763313970366,0.010238356114037232,,,,,,,,,,,,
100.0,327753.6666666667,0.9713136478684881,0.0015391169185246724,0.004561246511236484,,,,,,,,,,,,
