LMem%,Xput,XputErr,Faults,FaultsErr,NetReads,NetReadsErr,KFaults,KFaultsErr,HitR,Count,System,Backend,EvP,EvB,CPU,Zipfs,XputNorm,XputErrNorm
100,516045,0,0,0,0,,0,,1,1,eden-bh,,NONE,32,10,,0.987251,
91,515174,0,0,0,0,,0,,1,1,eden-bh,,NONE,32,10,,0.985585,
83,512491,0,649,0,648,,0,,0,1,eden-bh,,NONE,32,10,,0.980452,
75,507789,0,567,0,314,,0,,0,1,eden-bh,,NONE,32,10,,0.971456,
66,483974,0,32819,0,14143,,2,,0,1,eden-bh,,NONE,32,10,,0.925896,
58,412651,0,137025,0,137020,,8,,0,1,eden-bh,,NONE,32,10,,0.789447,
50,400810,0,158303,0,158293,,14,,0,1,eden-bh,,NONE,32,10,,0.766794,
41,371612,0,211816,0,211761,,88,,0,1,eden-bh,,NONE,32,10,,0.710935,
33,227905,0,552332,0,552088,,372,,0,1,eden-bh,,NONE,32,10,,0.436007,
22,107356,0,811240,0,809429,,70,,0,1,eden-bh,,NONE,32,10,,0.205384,
16,73242,0,899937,0,898542,,48,,0,1,eden-bh,,NONE,32,10,,0.14012,
8,48912,0,955350,0,954295,,37,,0,1,eden-bh,,NONE,32,10,,0.0935741,
4,40109,0,970131,0,969244,,36,,0,1,eden-bh,,NONE,32,10,,0.0767329,
