LMem%,Xput,XputErr,Faults,FaultsErr,NetReads,NetReadsErr,KFaults,KFaultsErr,HitR,Count,System,Backend,EvP,EvB,CPU,Zipfs,XputNorm,XputErrNorm
100,521076,278.207,0,0,0,,,,,6,fastswap,,,,10,,1.00057,0.000534215
91,463826,1051.13,58918,755.469,57823,,,,,4,fastswap,,,,10,,0.890642,0.00201839
83,416313,1475.97,111286,1508.72,109068,,,,,4,fastswap,,,,10,,0.799407,0.00283417
75,347381,1762.67,148559,1756.71,144509,,,,,4,fastswap,,,,10,,0.667044,0.00338469
66,287936,4167.06,198790,938.446,194789,,,,,4,fastswap,,,,10,,0.552897,0.00800162
58,244472,775.526,257382,1198.53,249960,,,,,4,fastswap,,,,10,,0.469437,0.00148917
50,204996,2319.33,307375,2385.46,290179,,,,,4,fastswap,,,,10,,0.393635,0.0044536
41,145271,887.071,353348,7263.44,331339,,,,,4,fastswap,,,,10,,0.27895,0.00170336
33,87947,1999.29,378617,8805.04,350158,,,,,4,fastswap,,,,10,,0.168877,0.00383905
22,40779,421.594,380856,6007.73,353950,,,,,4,fastswap,,,,10,,0.0783041,0.000809548
16,27162,1112.88,369777,21004.7,339008,,,,,4,fastswap,,,,10,,0.0521567,0.00213696
8,13903,143.334,284419,4879.77,258071,,,,,4,fastswap,,,,10,,0.0266966,0.000275231
4,10700,146.769,265903,5582.65,243166,,,,,4,fastswap,,,,10,,0.0205462,0.000281827
