LMem%,Xput,XputNorm,XputErr,XputErrNorm,Faults,FaultsErr,NetReads,NetReadsErr,HitR,Count,System,Backend,EvP,EvB,CPU,Zipfs
4.999248798076923,136934.6666666667,0.3194638534213328,0.0001366121842622024,0.00031871151309655895,,,,,,,,,,,,
8.330829326923077,143112.3333333333,0.33387613664023413,0.0002597182233797911,0.0006059136554998425,,,,,,,,,,,,
16.69921875,168084.66666666666,0.39213572882231124,0.00019815370016451874,0.0004622857466644991,,,,,,,,,,,,
22.243088942307693,213578.00000000003,0.49827010607994143,0.0009569966910426918,0.0022326402661509734,,,,,,,,,,,,
33.78155048076923,215836.0,0.5035379421844489,0.0008393008995586816,0.001958060044836531,,,,,,,,,,,,
41.66541466346154,314019.0,0.7325954941104286,0.0014024243295094494,0.003271807580526867,,,,,,,,,,,,
50.0,333703.33333333343,0.7785183647156078,0.0019217607088870832,0.004483401437776543,,,,,,,,,,,,
58.33458533653846,333908.6666666667,0.7789974002987752,0.0013618747698995477,0.003177206856817853,,,,,,,,,,,,
66.66541466346153,335081.6666666667,0.7817339688331362,0.0003019153670963065,0.0007043581360919237,,,,,,,,,,,,
75.0,337744.99999999994,0.7879474336212989,0.001528442998610023,0.003565804788201756,,,,,,,,,,,,
83.33458533653847,341467.0,0.7966307312213775,0.0012394436924147469,0.0028915793766193377,,,,,,,,,,,,
91.66541466346153,350063.0,0.8166849026803441,0.0020116283619661737,0.004693059572195184,,,,,,,,,,,,
100.0,361624.6666666666,0.8436578721643776,0.0006709358306789809,0.0015652701473243698,,,,,,,,,,,,
103.87620192307692,346636.3333333333,0.8086906075586527,0.0011895907793112051,0.0027752742501526914,,,,,,,,,,,,
