LMem%,Xput,XputNorm,XputErr,XputErrNorm,Faults,FaultsErr,NetReads,NetReadsErr,HitR,Count,System,Backend,EvP,EvB,CPU,Zipfs
4.999248798076923,135038.66666666666,0.3132832254632983,0.0006337824723217098,0.0014703449172907277,,,,,,,,,,,,
8.330829326923077,144810.33333333334,0.3359530231371907,0.0014044938194555674,0.003258358252221388,,,,,,,,,,,,
16.69921875,220361.0,0.511226943736988,0.003055781733043114,0.007089266957905196,,,,,,,,,,,,
22.243088942307693,346857.99999999994,0.8046939124923383,0.002289952401252054,0.005312579664256633,,,,,,,,,,,,
33.78155048076923,346014.99999999994,0.8027381929522642,0.0006186797771599297,0.0014353073893717992,,,,,,,,,,,,
41.66541466346154,355183.0,0.8240075129325726,0.000316611223216524,0.0007345228420537489,,,,,,,,,,,,
50.0,357592.00000000006,0.8295962773122152,0.001221789125285822,0.0028344921306899143,,,,,,,,,,,,
58.33458533653846,359881.6666666666,0.8349081940859474,0.001678913206677341,0.0038949980597715534,,,,,,,,,,,,
66.66541466346153,365643.3333333333,0.8482749842204598,0.0031349467122885597,0.007272925910218201,,,,,,,,,,,,
75.0,368397.3333333333,0.8546641320417696,0.001433793647015576,0.00332633244591049,,,,,,,,,,,,
83.33458533653847,371858.66666666674,0.8626942592478316,0.0023373084710600067,0.005422443473348612,,,,,,,,,,,,
91.66541466346153,387053.3333333333,0.8979451566439327,0.0023407556234876048,0.005430440701534016,,,,,,,,,,,,
100.0,385725.00000000006,0.8948634870641797,0.001820507072219181,0.004223489032007384,,,,,,,,,,,,
