LMem%,Xput,XputErr,Faults,FaultsErr,NetReads,NetReadsErr,KFaults,KFaultsErr,HitR,Count,System,Backend,EvP,EvB,CPU,Zipfs,XputNorm,XputErrNorm
100,363841,1514.04,0,0,0,,,,,7,fastswap,,,,10,,0.982969,0.0040904
91,341203,1474.04,9933,1539.07,2273,,,,,4,fastswap,,,,10,,0.921809,0.00398233
83,320955,6733.12,17560,5599.9,6712,,,,,4,fastswap,,,,10,,0.867106,0.0181905
75,227819,10312.3,112380,10845.3,38049,,,,,4,fastswap,,,,10,,0.615486,0.0278602
66,218589,25710.4,119735,23952.1,54732,,,,,4,fastswap,,,,10,,0.59055,0.0694603
58,190941,12248.1,155892,9026.23,73262,,,,,4,fastswap,,,,10,,0.515855,0.03309
50,140609,841.5,210261,2594.43,91697,,,,,4,fastswap,,,,10,,0.379875,0.00227343
41,113299,5554.19,232093,5441.01,99461,,,,,4,fastswap,,,,10,,0.306094,0.0150054
33,127786,15705.6,222684,18644.1,109204,,,,,4,fastswap,,,,10,,0.345232,0.0424309
22,51319,1053.66,205685,4817.75,107526,,,,,4,fastswap,,,,10,,0.138646,0.00284661
16,45771,643.846,189722,5206.74,97188,,,,,4,fastswap,,,,10,,0.123657,0.00173944
8,18399,136.192,313895,2183.06,288383,,,,,4,fastswap,,,,10,,0.0497075,0.000367942
4,12589,62.6154,288156,673.75,260063,,,,,4,fastswap,,,,10,,0.034011,0.000169165
