LMem%,Xput,XputErr,Faults,FaultsErr,NetReads,NetReadsErr,KFaults,KFaultsErr,HitR,Count,System,Backend,EvP,EvB,CPU,Zipfs,XputNorm,XputErrNorm
100,514090,0,0,0,0,,0,,1,1,eden,,NONE,32,10,,0.983511,
91,514422,0,0,0,0,,0,,1,1,eden,,NONE,32,10,,0.984146,
83,513190,1611.5,322,319.5,320,,0,,0,2,eden,,NONE,32,10,,0.981789,0.00308298
75,513453,0,256,0,255,,0,,0,1,eden,,NONE,32,10,,0.982292,
66,498901,0,27494,0,17811,,1,,0,1,eden,,NONE,32,10,,0.954453,
58,442014,0,138183,0,138165,,6,,0,1,eden,,NONE,32,10,,0.845622,
50,432832,5417.74,166445,1789.58,161902,,16,,0,4,eden,,NONE,32,10,,0.828055,0.0103647
41,405941,767.005,227293,128.191,227205,,95,,0,3,eden,,NONE,32,10,,0.77661,0.00146737
33,276826,0,720454,0,720341,,178,,0,1,eden,,NONE,32,10,,0.529599,
22,109695,0,1111797,0,1109871,,88,,0,1,eden,,NONE,32,10,,0.209859,
16,77534,0,1180079,0,1178485,,68,,0,1,eden,,NONE,32,10,,0.148331,
8,53055,0,1237120,0,1235917,,52,,0,1,eden,,NONE,32,10,,0.1015,
4,43674,0,1241942,0,1240600,,49,,0,1,eden,,NONE,32,10,,0.0835532,
