LMem%,Time,TimeNorm,TimeErr,TimeNormErr,Faults,FaultsErr,NetReads,NetReadsErr,HitR,Count,System,Backend,EvP,EvB,CPU,Zipfs
10.0,117.339289,1.7754548492014777,0,0,,,,,,,,,,,,
20.0,111.058264,1.6804169774941955,0,0,,,,,,,,,,,,
30.000000000000004,110.627618,1.6739008946415952,0,0,,,,,,,,,,,,
40.0,109.268974,1.6533433209704398,0,0,,,,,,,,,,,,
50.0,105.030826,1.5892161178625912,0,0,,,,,,,,,,,,
60.00000000000001,99.456694,1.504874208397901,0,0,,,,,,,,,,,,
70.0,95.036673,1.437995094122525,0,0,,,,,,,,,,,,
80.0,92.901997,1.4056954194954354,0,0,,,,,,,,,,,,
90.0,89.164646,1.349145750474363,0,0,,,,,,,,,,,,
100.0,87.006899,1.3164969897127399,0,0,,,,,,,,,,,,
