LMem%,Time,TimeNorm,TimeErr,TimeNormErr,Faults,FaultsErr,NetReads,NetReadsErr,HitR,Count,System,Backend,EvP,EvB,CPU,Zipfs
3.225806451612903,137.594339,2.0819329866590723,0,0,,,,,,,,,,,,
9.67741935483871,117.362842,1.7758112284536416,0,0,,,,,,,,,,,,
16.129032258064516,111.172131,1.6821398933140965,0,0,,,,,,,,,,,,
22.580645161290324,110.894182,1.6779342610481578,0,0,,,,,,,,,,,,
29.032258064516128,110.712694,1.6751881752961648,0,0,,,,,,,,,,,,
35.483870967741936,109.830478,1.6618394096048785,0,0,,,,,,,,,,,,
41.935483870967744,108.813562,1.6464525050240049,0,0,,,,,,,,,,,,
48.38709677419355,104.872699,1.5868235062204694,0,0,,,,,,,,,,,,
54.83870967741935,101.794407,1.540246025606469,0,0,,,,,,,,,,,,
61.29032258064516,96.941554,1.4668177522230164,0,0,,,,,,,,,,,,
67.74193548387096,94.960535,1.4368430538940513,0,0,,,,,,,,,,,,
80.64516129032258,92.02176,1.3923765979530913,0,0,,,,,,,,,,,,
87.09677419354838,88.239555,1.3351482453258303,0,0,,,,,,,,,,,,
93.54838709677419,88.458289,1.3384578984206708,0,0,,,,,,,,,,,,
100.0,85.971173,1.3008254719728969,0,0,,,,,,,,,,,,
