LMem%,Xput,XputErr,Faults,FaultsErr,HitR,Count,System,Backend,EvP,EvB,CPU,Zipfs,XputNorm,XputErrNorm
10,439217,1344.87,329331,1933.81,,6,fastswap,,,,10,1,0.360748,0.0011046
20,534415,2062.93,295825,4065.92,,6,fastswap,,,,10,1,0.438938,0.00169437
30,633596,20929.9,275002,4450.5,,6,fastswap,,,,10,1,0.520399,0.0171906
40,709720,3152.17,261380,3301.54,,6,fastswap,,,,10,1,0.582923,0.00258901
50,808993,11340,251775,4077.97,,6,fastswap,,,,10,1,0.66446,0.00931402
60,896918,2752.99,235574,4378.2,,6,fastswap,,,,10,1,0.736677,0.00226115
70,972746,3486.61,211993,3749.95,,6,fastswap,,,,10,1,0.798958,0.0028637
80,975815,35781.3,184331,5815.54,,6,fastswap,,,,10,1,0.801478,0.0293887
90,1093507,26686.3,117551,5407.49,,6,fastswap,,,,10,1,0.898144,0.0219186
100,1217519,7296.13,22084,1087.83,,6,fastswap,,,,10,1,1,0.00599262
