LMem%,Xput,XputErr,Faults,FaultsErr,HitR,Count,System,Backend,EvP,EvB,CPU,Zipfs,XputNorm,XputErrNorm
10,955288,39844.6,621664,8720.35,77,3,eden,,,32,10,1,0.657921,0.0274416
20,1046929,19449.3,538158,5094.43,81,3,eden,,,32,10,1,0.721036,0.013395
30,1102824,5287.18,462308,9896.05,85,3,eden,,,32,10,1,0.759532,0.00364136
40,1187836,20665.3,379212,13836.5,88,3,eden,,,32,10,1,0.818081,0.0142325
50,1227875,44243.8,314222,20398.7,90,3,eden,,,32,10,1,0.845656,0.0304714
60,1251602,16488.7,264002,8457.92,92,3,eden,,,32,10,1,0.861997,0.011356
70,1314074,8755.06,189781,5097.48,95,3,eden,,,32,10,1,0.905023,0.00602974
80,1387238,20729.9,116967,4564.55,96,3,eden,,,32,10,1,0.955412,0.014277
90,1404421,7351.28,76946,2233.39,98,3,eden,,,32,10,1,0.967246,0.00506294
100,1451979,1728.55,7906,555.177,99,3,eden,,,32,10,1,1,0.00119048
