Exp,RMem,Backend,CPU,Threads,Local_MB,LMem%,ZipfS,RdHd,EvB,EvP,EvPr,Xput,Faults,FaultsR,KFaults,KFaultsR,KFaultsW,KFaultsWP,Evicts,KEvicts,EvPopped,AnnotHits,HitR,Mallocd,NetReads,NetWrites,rCPU%,Mallocd,MemUsed,RSteals,WSteals,HRSteals,WRSteals,WaitRetries,Idle(ms),BkIdle(ms),Rtime(ms),Rescheds,RTentries,Softirqs,Steals,IRQSteals,Desc,XputNorm
run-12-12-02-45-00,eden-bh,rdma,10,50,2080,10,1,no,32,NONE,no,648629,706020,705999,4068,4039,21,8,706157,704322,706156,1912400,63,25769836544,705986,9,80,25769836544,2079M,,,,,37,472,0,0,9877,0,0,4,0,hero,0.449639
run-12-12-02-50-48,eden-bh,rdma,10,50,4160,20,1,no,32,NONE,no,754494,624802,624793,3541,3527,9,5,625022,624243,625022,2236276,72,25769836544,624671,4,70,25769836544,4118M,,,,,22,413,0,0,9893,0,0,4,0,hero,0.523026
run-12-12-02-54-54,eden-bh,rdma,10,50,6240,30,1,no,32,NONE,no,825082,570155,570148,3157,3148,7,2,570145,570145,570144,2405709,76,25769836544,570144,2,61,25769836544,6177M,,,,,13,374,0,0,9901,0,0,5,0,hero,0.571959
run-12-12-02-58-13,eden-bh,rdma,10,50,8320,40,1,no,32,NONE,no,882333,495979,495975,2655,2650,3,2,495972,495972,495972,2601091,80,25769836544,495971,1,52,25769836544,8236M,,,,,7,322,0,0,9910,0,0,4,0,hero,0.611646
run-12-12-03-01-32,eden-bh,rdma,10,50,10400,50,1,no,32,NONE,no,977527,435131,435128,2192,2189,2,1,397045,397045,397044,2866504,84,25769836544,397045,0,41,25769836544,10296M,,,,,1057,254,0,0,9920,0,0,4,0,hero,0.677636
run-12-12-03-04-50,eden-bh,rdma,10,50,12480,60,1,no,32,NONE,no,1052850,356174,356172,1739,1738,1,0,322038,322038,322039,3112531,88,25769836544,322039,0,33,25769836544,12355M,,,,,999,206,0,0,9928,0,0,5,0,hero,0.729851
run-12-12-03-08-07,eden-bh,rdma,10,50,14560,70,1,no,32,NONE,no,1144796,273394,273392,1361,1360,1,0,273387,273387,273386,3371363,91,25769836544,273386,0,27,25769836544,14414M,,,,,3,172,0,0,9935,0,0,5,0,hero,0.793589
run-12-12-03-11-24,eden-bh,rdma,10,50,16640,80,1,no,32,NONE,no,1250234,194282,194282,885,885,0,0,174733,174733,174733,3688697,94,25769836544,174733,0,18,25769836544,16473M,,,,,565,109,0,0,9942,0,0,5,0,hero,0.86668
run-12-12-03-14-41,eden-bh,rdma,10,50,18720,90,1,no,32,NONE,no,1339091,105780,105779,637,637,0,0,105779,105779,105779,3985755,97,25769836544,105779,0,10,25769836544,18532M,,,,,0,65,0,0,9950,0,0,4,0,hero,0.928277
run-12-12-03-17-58,eden-bh,rdma,10,50,20800,100,1,no,32,NONE,no,1442555,10137,10136,133,133,0,0,10136,10136,10136,4307707,99,25769836544,10136,10136,1,25769836544,20591M,,,,,0,6,0,0,9957,0,0,5,0,hero,1
