LMem%,Xput,XputErr,Faults,FaultsErr,HitR,Count,System,Backend,EvP,EvB,CPU,Zipfs,XputNorm,XputErrNorm
10,723640,11596.6,510132,5537.25,75,4,eden-bh,,,32,10,1,0.50154,0.00803737
20,802458,9582.24,442526,2981.31,80,3,eden-bh,,,32,10,1,0.556168,0.00664126
30,899483,16731.9,385749,5630.7,85,4,eden-bh,,,32,10,1,0.623414,0.0115965
40,969369,14663.9,334909,9169.57,87,3,eden-bh,,,32,10,1,0.67185,0.0101633
50,1037015,4173.27,287241,3371.81,90,3,eden-bh,,,32,10,1,0.718734,0.00289241
60,1119200,4558.39,232197,9292.78,92,3,eden-bh,,,32,10,1,0.775695,0.00315933
70,1201065,8412.39,175717,1191.03,94,3,eden-bh,,,32,10,1,0.832434,0.00583046
80,1268193,2618,128016,4988,96,2,eden-bh,,,32,10,1,0.878959,0.00181448
90,1347881,2636.26,75988,616.349,98,3,eden-bh,,,32,10,1,0.934189,0.00182714
100,1442835,633.367,8269,211.38,99,3,eden-bh,,,32,10,1,1,0.000438974
