cores,thr,nkeys,zipfs,xput,xputpercore
1,1,1000000,1,3975839,3975839
2,2,1000000,1,7104093,3552046
3,3,1000000,1,9866104,3288701
4,4,1000000,1,12306843,3076710
5,5,1000000,1,13476199,2695239
6,6,1000000,1,11505152,1917525
7,7,1000000,1,10519191,1502741
8,8,1000000,1,10345245,1293155
9,9,1000000,1,10375198,1152799
10,10,1000000,1,10428199,1042819
11,11,1000000,1,10329185,939016
12,12,1000000,1,10326730,860560
13,13,1000000,1,10303343,792564
14,14,1000000,1,10335400,738242
15,15,1000000,1,10320699,688046
16,16,1000000,1,10275053,642190
17,17,1000000,1,10306609,606271
18,18,1000000,1,10336405,574244
19,19,1000000,1,10330359,543703
20,20,1000000,1,10299320,514966
