Exp,Backend,PFType,CPU,Threads,Local_MB,ZipfS,Runtime,Xput,XputPerCore,Faults,ReadPF,ReadAPF,WritePF,WPFaults,Locks,Desc
run-05-10-12-42-28,kona,ASYNC,4,240,1500,0.1,30,105513,26378,130562,130561,129680,1,0,3356,
run-05-10-12-46-55,kona,ASYNC,4,240,2000,0.1,30,102829,25707,122007,122006,121199,1,0,3356,
run-05-10-12-50-52,kona,ASYNC,4,240,2500,0.1,30,128703,32175,119042,119042,118260,0,0,3356,
run-05-10-12-54-17,kona,ASYNC,4,240,3000,0.1,30,164848,41212,124228,124228,123375,0,0,3356,
run-05-10-12-57-32,kona,ASYNC,4,240,3500,0.1,30,173563,43390,120511,120511,119670,0,0,3356,
run-05-10-13-00-47,kona,ASYNC,4,240,4000,0.1,30,218201,54550,120169,120169,119354,0,0,3356,
run-05-10-13-04-00,kona,ASYNC,4,240,4500,0.1,30,255092,63773,115365,115365,114598,0,0,3356,
run-05-10-13-07-14,kona,ASYNC,4,240,5000,0.1,30,455105,113776,121395,121395,120574,0,0,3356,
run-05-10-13-10-30,kona,ASYNC,4,240,5500,0.1,30,694707,173676,105716,105716,104944,0,0,3356,
run-05-10-13-13-45,kona,ASYNC,4,240,6000,0.1,30,1009355,252338,32195,32195,32123,0,0,3356,
