Exp,Backend,PFType,CPU,Threads,Local_MB,ZipfS,Runtime,Xput,XputPerCore,Faults,ReadPF,ReadAPF,WritePF,WPFaults,Locks,Desc
run-05-09-23-05-05,kona,none,1,1,1500,0.1,30,24479,24479,52716,52716,0,0,0,3356,
run-05-09-23-08-56,kona,none,1,1,2000,0.1,30,27320,27320,52461,52461,0,0,0,3356,
run-05-09-23-12-09,kona,none,1,1,2500,0.1,30,31116,31116,50971,50971,0,0,0,3356,
run-05-09-23-14-45,kona,none,1,1,3000,0.1,30,36805,36805,48675,48675,0,0,0,3356,
run-05-09-23-17-03,kona,none,1,1,3500,0.1,30,43847,43847,47606,47606,0,0,0,3356,
run-05-09-23-19-22,kona,none,1,1,4000,0.1,30,53299,53299,46831,46831,0,0,0,3356,
run-05-09-23-21-40,kona,none,1,1,4500,0.1,30,66758,66758,44586,44586,0,0,0,3356,
run-05-09-23-23-57,kona,none,1,1,5000,0.1,30,91396,91396,39404,39404,0,0,0,3356,
run-05-09-23-26-15,kona,none,1,1,5500,0.1,30,151690,151690,30909,30909,0,0,0,3356,
run-05-09-23-28-33,kona,none,1,1,6000,0.1,30,390038,390038,2855,2855,0,0,0,3356,
