Exp,Backend,PFType,CPU,Threads,Local_MB,ZipfS,Runtime,Xput,XputPerCore,Faults,ReadPF,ReadAPF,WritePF,WPFaults,Locks,Desc
run-05-12-07-59-32,kona,ASYNC,2,200,1500,1,30,280402,140201,133266,133265,132476,1,0,3356,
run-05-12-08-04-27,kona,ASYNC,2,200,2000,1,30,310527,155263,118853,118853,118175,0,0,3356,
run-05-12-08-08-50,kona,ASYNC,2,200,2500,1,30,333747,166873,110201,110201,109629,0,0,3356,
run-05-12-08-12-42,kona,ASYNC,2,200,3000,1,30,408627,204313,95838,95838,95339,0,0,3356,
run-05-12-08-16-24,kona,ASYNC,2,200,3500,1,30,426715,213357,92056,92056,91549,0,0,3356,
run-05-12-08-20-07,kona,ASYNC,2,200,4000,1,30,445003,222501,82649,82649,82163,0,0,3356,
run-05-12-08-23-50,kona,ASYNC,2,200,4500,1,30,480675,240337,61991,61991,61696,0,0,3356,
run-05-12-08-27-33,kona,ASYNC,2,200,5000,1,30,506075,253037,48695,48695,48413,0,0,3356,
run-05-12-08-31-16,kona,ASYNC,2,200,5500,1,30,542657,271328,34630,34630,34493,0,0,3356,
run-05-12-08-34-59,kona,ASYNC,2,200,6000,1,32,576993,288496,24384,24384,24384,0,0,3356,
