Exp,Backend,PFType,CPU,Threads,Local_MB,ZipfS,Runtime,Xput,XputPerCore,Faults,ReadPF,ReadAPF,WritePF,WPFaults,Locks,Desc
run-05-12-11-53-15,kona,ASYNC,5,500,1500,1,30,305086,61017,123702,123701,122886,1,0,3356,
run-05-12-11-57-58,kona,ASYNC,5,500,2000,1,30,330449,66089,116661,116660,115902,1,0,3356,
run-05-12-12-02-09,kona,ASYNC,5,500,2500,1,30,325497,65099,112648,112647,111953,1,0,3356,
run-05-12-12-05-48,kona,ASYNC,5,500,3000,1,30,452494,90498,107124,107124,106430,0,0,3356,
run-05-12-12-09-17,kona,ASYNC,5,500,3500,1,30,543340,108668,107999,107999,107327,0,0,3356,
run-05-12-12-12-46,kona,ASYNC,5,500,4000,1,30,635543,127108,110311,110311,109629,0,0,3356,
run-05-12-12-16-16,kona,ASYNC,5,500,4500,1,30,871490,174298,111706,111706,111049,0,0,3356,
run-05-12-12-19-45,kona,ASYNC,5,500,5000,1,30,1122002,224400,91259,91259,90637,0,0,3356,
run-05-12-12-23-14,kona,ASYNC,5,500,5500,1,30,1408921,281784,58606,58606,58273,0,0,3356,
run-05-12-12-26-43,kona,ASYNC,5,500,6000,1,30,1607647,321529,28676,28676,28666,0,0,3356,
