Exp,Backend,PFType,CPU,Threads,Local_MB,ZipfS,Runtime,Xput,XputPerCore,Faults,ReadPF,ReadAPF,WritePF,WPFaults,Locks,Desc
run-05-10-04-14-57,kona,none,5,5,1500,0.1,30,50400,10080,111130,111129,0,1,0,3356,
run-05-10-04-18-32,kona,none,5,5,2000,0.1,30,55094,11018,102805,102805,0,0,0,3356,
run-05-10-04-21-36,kona,none,5,5,2500,0.1,30,61762,12352,101608,101608,0,0,0,3356,
run-05-10-04-24-08,kona,none,5,5,3000,0.1,30,71448,14289,98908,98908,0,0,0,3356,
run-05-10-04-26-30,kona,none,5,5,3500,0.1,30,83671,16734,99959,99959,0,0,0,3356,
run-05-10-04-28-51,kona,none,5,5,4000,0.1,30,104138,20827,95796,95796,0,0,0,3356,
run-05-10-04-31-13,kona,none,5,5,4500,0.1,30,140905,28181,97380,97380,0,0,0,3356,
run-05-10-04-33-35,kona,none,5,5,5000,0.1,30,208915,41783,96327,96327,0,0,0,3356,
run-05-10-04-35-56,kona,none,5,5,5500,0.1,30,394779,78955,93216,93216,0,0,0,3356,
run-05-10-04-38-18,kona,none,5,5,6000,0.1,30,1298624,259724,30063,30063,0,0,0,3356,
