Exp,Backend,PFType,CPU,Threads,Local_MB,ZipfS,Runtime,Xput,XputPerCore,Faults,ReadPF,ReadAPF,WritePF,WPFaults,Locks,Desc
run-05-10-11-42-51,kona,ASYNC,3,180,1500,0.1,30,120157,40052,137330,137329,136464,1,0,3356,
run-05-10-11-47-03,kona,ASYNC,3,180,2000,0.1,30,138083,46027,143829,143828,142990,1,0,3356,
run-05-10-11-50-43,kona,ASYNC,3,180,2500,0.1,30,160213,53404,135683,135683,134909,0,0,3356,
run-05-10-11-53-53,kona,ASYNC,3,180,3000,0.1,30,162225,54075,124007,124007,123198,0,0,3356,
run-05-10-11-56-52,kona,ASYNC,3,180,3500,0.1,30,223043,74347,134731,134731,133880,0,0,3356,
run-05-10-11-59-52,kona,ASYNC,3,180,4000,0.1,30,261680,87226,129561,129561,128726,0,0,3356,
run-05-10-12-02-51,kona,ASYNC,3,180,4500,0.1,30,359928,119976,128484,128484,127634,0,0,3356,
run-05-10-12-05-51,kona,ASYNC,3,180,5000,0.1,30,437224,145741,121223,121223,120444,0,0,3356,
run-05-10-12-08-50,kona,ASYNC,3,180,5500,0.1,30,663704,221234,107089,107089,106351,0,0,3356,
run-05-10-12-11-50,kona,ASYNC,3,180,6000,0.1,30,902269,300756,31555,31555,31497,0,0,3356,
