LMem%,Xput,XputNorm,XputErr,XputErrNorm,Faults,FaultsErr,NetReads,NetReadsErr,HitR,Count,System,Backend,EvP,EvB,CPU,Zipfs
4.999248798076923,88275.65000000001,0.7034505428792481,1.6499999999988746e-06,5.085983952934914e-06,,,,,,,,,,,,
8.330829326923077,93577.65,0.7034505428792481,5.149999999995436e-06,1.5874434762225276e-05,,,,,,,,,,,,
16.69921875,124351.5,0.7034505428792481,8.450000000000124e-05,0.0002604640266813951,,,,,,,,,,,,
22.243088942307693,192147.5,0.7034505428792481,0.00031549999999999634,0.0009725017800943925,,,,,,,,,,,,
33.78155048076923,190697.50000000003,0.7034505428792481,0.0004704999999999987,0.0014502760302200213,,,,,,,,,,,,
41.66541466346154,265962.5,0.7034505428792481,0.0008954999999999935,0.0027603021999191846,,,,,,,,,,,,
50.0,269495.00000000006,0.7034505428792481,0.003719,0.011463499588497628,,,,,,,,,,,,
58.33458533653846,270638.5,0.7034505428792481,0.004440500000000014,0.01368746166246948,,,,,,,,,,,,
66.66541466346153,277263.5,0.7034505428792481,0.002192499999999986,0.006758193828389603,,,,,,,,,,,,
75.0,277714.5,0.7034505428792481,0.001608499999999985,0.004958063750496955,,,,,,,,,,,,
83.33458533653847,282253.50000000006,0.7034505428792481,0.003101500000000007,0.009560108624287578,,,,,,,,,,,,
91.66541466346153,285129.50000000006,0.7034505428792481,0.0003924999999999901,0.0012098476978986694,,,,,,,,,,,,
100.0,286666.50000000006,0.7034505428792481,0.002757499999999996,0.00849975803046038,,,,,,,,,,,,
103.87620192307692,290824.5,0.7034505428792481,0.003100500000000006,0.00955702620977067,,,,,,,,,,,,
