LMem%,Xput,HTMiss,HTBytes,ArrMiss,Arrbytes,Misses,Bytes,MissRate,BytesPerMiss
100,376210,1020,3629,0,0,1020,3629,0.00,3.56
91,382590,3,0,97839500,97839500,12916,97839500,0.03,7575.06
83,363052,13,0,821582000,821582000,108199,821582000,0.30,7593.25
75,356112,6,0,1087710000,1087710000,142088,1087710000,0.40,7655.19
66,352643,6,0,1254480000,1254480000,164645,1254480000,0.47,7619.30
58,350075,13,0,1382010000,1382010000,181671,1382010000,0.52,7607.21
50,343527,10,0,1558690000,1558690000,205057,1558690000,0.60,7601.25
41,341547,17,0,1701050000,1701050000,221052,1701050000,0.65,7695.25
33,342515,20,0,1872580000,1872580000,245740,1872580000,0.72,7620.17
22,337383,13,0,1856390000,1856390000,243634,1856390000,0.72,7619.59
16,234262,618627,2361280,1405030000,1405030000,798836,1407391280,3.41,1761.80
8,143359,1875975,7214740,883751000,883751000,1988185,890965740,13.87,448.13
4,131134,1916981,7619760,887432000,887432000,2026001,895051760,15.45,441.78
