LMem%,Xput,Faults,RdHds,Misses,Bytes,MissRate,BytesPerMiss,System,Backend,EvP,EvB,CPU,Zipfs
100,514972,0,0,0,0,0.00,,eden,,NONE,32,10,
91,515579,0,0,0,0,0.00,,eden,,NONE,32,10,
83,513461,636,0,636,2605056,0.00,4096.00,eden,,NONE,32,10,
75,511928,382,0,382,1564672,0.00,4096.00,eden,,NONE,32,10,
66,498937,26421,10891,37312,152829952,0.05,5784.41,eden,,NONE,32,10,
58,453780,128851,117066,245917,1007276032,0.28,7817.37,eden,,NONE,32,10,
50,430530,167394,167169,334563,1370370048,0.39,8186.49,eden,,NONE,32,10,
41,407350,229509,226739,456248,1868791808,0.56,8142.56,eden,,NONE,32,10,
33,284187,694583,196536,891119,3650023424,2.44,5254.99,eden,,NONE,32,10,
22,109991,1133692,74423,1208115,4948439040,10.31,4364.89,eden,,NONE,32,10,
16,76470,1170312,52704,1223016,5009473536,15.30,4280.46,eden,,NONE,32,10,
8,51641,1212757,37400,1250157,5120643072,23.48,4222.32,eden,,NONE,32,10,
4,42521,1199178,31224,1230402,5039726592,28.20,4202.65,eden,,NONE,32,10,
