LMem%,Xput,XputNorm,XputErr,XputErrNorm,Faults,FaultsErr,NetReads,NetReadsErr,HitR,Count,System,Backend,EvP,EvB,CPU,Zipfs
4.999248798076923,136390.0,0.6795774268284286,0.0,0.0,,,,,,,,,,,,
8.330829326923077,142764.50000000003,0.6795774268284286,1.7499999999989746e-05,4.260125710220386e-05,,,,,,,,,,,,
16.69921875,172890.5,0.6795774268284286,9.349999999999636e-05,0.00022761243080338112,,,,,,,,,,,,
22.243088942307693,230212.5,0.6795774268284286,3.750000000000975e-05,9.128840807626215e-05,,,,,,,,,,,,
33.78155048076923,229740.5,0.6795774268284286,0.00027249999999999497,0.0006633624320205866,,,,,,,,,,,,
41.66541466346154,320392.0,0.6795774268284286,0.0009979999999999989,0.0024294888336018894,,,,,,,,,,,,
50.0,320859.49999999994,0.6795774268284286,0.00025149999999998784,0.0006122409234978199,,,,,,,,,,,,
58.33458533653846,324988.0,0.6795774268284286,0.000132000000000021,0.00032133519642835173,,,,,,,,,,,,
66.66541466346153,326088.0,0.6795774268284286,0.0008630000000000027,0.0021008505645275233,,,,,,,,,,,,
75.0,327226.5,0.6795774268284286,0.0006535000000000013,0.0015908526580750149,,,,,,,,,,,,
83.33458533653847,332620.0,0.6795774268284286,0.0015190000000000203,0.0036977891164742815,,,,,,,,,,,,
91.66541466346153,335972.5,0.6795774268284286,0.0002314999999999956,0.0005635537725238726,,,,,,,,,,,,
100.0,351866.0,0.6795774268284286,0.0011259999999999881,0.0027410865998354073,,,,,,,,,,,,
103.87620192307692,356242.0,0.6795774268284286,0.0005899999999999794,0.0014362709537325546,,,,,,,,,,,,
