LMem%,Xput,XputNorm,XputErr,XputErrNorm,Faults,FaultsErr,NetReads,NetReadsErr,HitR,Count,System,Backend,EvP,EvB,CPU,Zipfs
4.999248798076923,136873.5,0.6548959947314973,0.0001295000000000046,0.00030211903256585626,,,,,,,,,,,,
8.330829326923077,143273.5,0.6548959947314973,0.00015249999999999986,0.0003557772391219738,,,,,,,,,,,,
16.69921875,168192.0,0.6548959947314973,0.00015600000000000336,0.00036394261838051944,,,,,,,,,,,,
22.243088942307693,213122.0,0.6548959947314973,0.0008660000000000057,0.002020348125112287,,,,,,,,,,,,
33.78155048076923,215615.0,0.6548959947314973,0.0009540000000000104,0.002225649089326931,,,,,,,,,,,,
41.66541466346154,313086.0,0.6548959947314973,0.0005819999999999992,0.0013577859224195299,,,,,,,,,,,,
50.0,335056.0,0.6548959947314973,0.00022500000000000298,0.0005249172380488165,,,,,,,,,,,,
58.33458533653846,333012.5,0.6548959947314973,0.0006105000000000138,0.0014242754392390644,,,,,,,,,,,,
66.66541466346153,334982.0,0.6548959947314973,0.0003270000000000217,0.0007628797192976156,,,,,,,,,,,,
75.0,338470.5,0.6548959947314973,0.001387499999999986,0.003236989634634202,,,,,,,,,,,,
83.33458533653847,341159.5,0.6548959947314973,0.00142150000000002,0.003316310461717209,,,,,,,,,,,,
91.66541466346153,348967.5,0.6548959947314973,0.0015715000000000034,0.0036662552870830867,,,,,,,,,,,,
100.0,361379.49999999994,0.6548959947314973,0.0007034999999999958,0.001641241230965873,,,,,,,,,,,,
103.87620192307692,346806.0,0.6548959947314973,0.0014270000000000116,0.003329141771980626,,,,,,,,,,,,
