Exp,RMem,Backend,CPU,Threads,Local_MB,LMem%,ZipfS,RdHd,EvB,EvP,EvPr,Xput,Faults,FaultsR,KFaults,KFaultsR,KFaultsW,KFaultsWP,Evicts,KEvicts,EvPopped,AnnotHits,HitR,Mallocd,NetReads,NetWrites,rCPU%,Mallocd,MemUsed,RSteals,WSteals,HRSteals,WRSteals,WaitRetries,Idle(ms),BkIdle(ms),Rtime(ms),Rescheds,RTentries,Softirqs,Steals,IRQSteals,Desc,XputNorm
run-12-12-03-57-00,eden-bh,rdma,10,50,2080,10,0.1,yes,32,NONE,yes,55402,915038,915028,15986,15971,10,5,874121,786269,874121,1876467,51,25769836544,819357,10,100,25769836544,2079M,,,,,0,578,0,0,8948,0,0,5,0,evprio,0.0988914
run-12-12-04-02-59,eden-bh,rdma,10,50,4160,20,0.1,yes,32,NONE,yes,119481,781305,781301,13578,13572,4,2,909634,822226,909634,4000439,80,25769836544,781243,4,100,25769836544,4160M,,,,,0,582,0,0,9510,0,0,6,0,evprio,0.213271
run-12-12-04-07-16,eden-bh,rdma,10,50,6240,30,0.1,yes,32,NONE,yes,364870,343245,343245,70,70,0,0,675146,673640,675147,12246364,97,25769836544,337345,597,64,25769836544,6177M,,,,,0,302,0,0,9854,0,0,8,0,evprio,0.651285
run-12-12-04-10-45,eden-bh,rdma,10,50,8320,40,0.1,yes,32,NONE,yes,385228,311899,311899,48,48,0,0,624177,623683,624174,12894671,97,25769836544,311759,750,57,25769836544,8236M,,,,,0,276,0,0,9864,0,0,7,0,evprio,0.687623
run-12-12-04-18-22,eden-bh,rdma,10,50,10400,50,0.1,yes,32,NONE,yes,409201,284621,284621,53,53,0,0,560581,560581,560581,13248450,97,25769836544,280291,53,51,25769836544,10304M,,,,,0,247,0,0,9873,0,0,7,0,evprio,0.730415
run-12-12-04-21-51,eden-bh,rdma,10,50,12480,60,0.1,yes,32,NONE,yes,428896,238233,238233,11,11,0,0,464880,464880,464879,14038626,98,25769836544,232448,11,41,25769836544,12355M,,,,,0,202,0,0,9877,0,0,7,0,evprio,0.76557
run-12-12-04-25-17,eden-bh,rdma,10,50,14560,70,0.1,yes,32,NONE,yes,451242,186468,186468,5,5,0,0,372926,372926,372925,15043495,98,25769836544,186467,5,33,25769836544,14414M,,,,,0,162,0,0,9881,0,0,7,0,evprio,0.805457
run-12-12-04-28-43,eden-bh,rdma,10,50,16640,80,0.1,yes,32,NONE,yes,486602,137395,137395,5,5,0,0,274784,274784,274784,16099717,99,25769836544,137395,5,23,25769836544,16473M,,,,,0,117,0,0,9891,0,0,8,0,evprio,0.868574
run-12-12-04-32-10,eden-bh,rdma,10,50,18720,90,0.1,yes,32,NONE,yes,515443,77393,77393,2,2,0,0,154779,154779,154779,16920621,99,25769836544,77393,2,12,25769836544,18532M,,,,,0,68,0,2,9875,0,0,30,0,evprio,0.920054
run-12-12-04-35-36,eden-bh,rdma,10,50,20800,100,0.1,yes,32,NONE,yes,560231,12562,12561,150,150,0,0,17858,17858,17858,18771151,99,25769836544,12553,7248,1,25769836544,20591M,,,,,0,14,0,4,9864,0,0,47,0,evprio,1
