Exp,RMem,Backend,CPU,Threads,Local_MB,LMem%,ZipfS,RdHd,EvB,EvP,EvPr,Xput,Faults,FaultsR,KFaults,KFaultsR,KFaultsW,KFaultsWP,Evicts,KEvicts,EvPopped,AnnotHits,HitR,Mallocd,NetReads,NetWrites,rCPU%,Mallocd,MemUsed,RSteals,WSteals,HRSteals,WRSteals,WaitRetries,Idle(ms),BkIdle(ms),Rtime(ms),Rescheds,RTentries,Softirqs,Steals,IRQSteals,Desc,XputNorm
run-12-12-03-21-19,eden-bh,rdma,10,50,2080,10,0.1,yes,32,NONE,no,42309,874235,874223,17197,17180,11,6,925895,748416,925894,1427665,38,25769836544,874224,11,100,25769836544,2079M,,,,,0,627,0,0,8832,0,0,4,0,evprio,0.0765822
run-12-12-03-28-41,eden-bh,rdma,10,50,6240,30,0.1,yes,32,NONE,no,155456,733860,733854,12240,12232,5,3,843105,833999,843105,5099564,85,25769836544,714650,3,98,25769836544,6239M,,,,,243,534,0,0,9603,0,0,6,0,evprio,0.281386
run-12-12-03-32-10,eden-bh,rdma,10,50,8320,40,0.1,yes,32,NONE,no,228050,612534,612529,9213,9206,4,3,777670,774037,777670,7444897,91,25769836544,609512,2,90,25769836544,8319M,,,,,86,469,0,0,9735,0,0,6,0,evprio,0.412786
run-12-12-03-35-38,eden-bh,rdma,10,50,10400,50,0.1,yes,32,NONE,no,286439,500236,500230,6757,6746,6,5,676220,676220,676220,9441158,94,25769836544,498542,1,75,25769836544,10306M,,,,,88,393,0,0,9795,0,0,5,0,evprio,0.518474
run-12-12-03-39-06,eden-bh,rdma,10,50,12480,60,0.1,yes,32,NONE,no,333813,411050,411045,4937,4928,5,4,585977,585977,585977,10906840,96,25769836544,411033,1,63,25769836544,12425M,,,,,6,327,0,0,9831,0,0,7,0,evprio,0.604225
run-12-12-03-42-35,eden-bh,rdma,10,50,14560,70,0.1,yes,32,NONE,no,391883,288466,288464,3245,3242,2,1,421159,421159,421159,13095519,97,25769836544,287666,0,43,25769836544,14414M,,,,,39,231,0,0,9854,0,0,7,0,evprio,0.709335
run-12-12-03-46-39,eden-bh,rdma,10,50,16640,80,0.1,yes,32,NONE,no,441383,206368,206367,2072,2071,1,0,311151,311151,311151,14390768,98,25769836544,204712,0,32,25769836544,16473M,,,,,86,163,0,0,9877,0,0,7,0,evprio,0.798934
run-12-12-03-50-07,eden-bh,rdma,10,50,18720,90,0.1,yes,32,NONE,no,498896,105105,105105,893,893,0,0,167854,167854,167854,16509884,99,25769836544,105102,0,16,25769836544,18532M,,,,,0,91,0,6,9828,0,0,167,0,evprio,0.903036
run-12-12-03-53-32,eden-bh,rdma,10,50,20800,100,0.1,yes,32,NONE,no,552465,11693,11692,151,151,0,0,15242,15242,15242,18753186,99,25769836544,11028,15242,3,25769836544,20591M,,,,,39,19,0,11,9797,0,0,76,0,evprio,1
