lmemfr,Xput,XputErr,Faults,FaultsErr,KIdle,KIdleErr,UFFDCopy,Count,Backend,PFType,PgChecks,CPU,Threads,Zipfs
20,126927,385.139,111658,280.067,57,0,12791,5,kona,none,vdso,4,,1
30,158509,291.152,111520,234.946,49,0,12845,5,kona,none,vdso,4,,1
40,201065,590.039,111216,299.083,39,0,12936,5,kona,none,vdso,4,,1
50,257982,384.375,111773,189.713,25,0.4,12821,5,kona,none,vdso,4,,1
60,343003,204.793,109931,94.921,8,0.4,12119,5,kona,none,vdso,4,,1
70,397944,254.719,91038,333.516,3,0,11253,4,kona,none,vdso,4,,1
80,433264,373.412,68988,602.665,1,0.489898,10728,5,kona,none,vdso,4,,1
90,471844,447.288,40967,1014.07,0,0.4,10194,5,kona,none,vdso,4,,1
100,516993,855.187,2611,60.6808,0,0,9844,5,kona,none,vdso,4,,1
