lmemfr,Xput,XputErr,Faults,FaultsErr,KIdle,KIdleErr,UFFDCopy,Count,Backend,PFType,PgChecks,CPU,Threads,Zipfs
20,139206,12499.8,106694,1941.27,58,2.48193,11107,5,kona,none,vdso,4,,1
30,170420,9945.32,101425,1806.09,52,1.74356,10961,5,kona,none,vdso,4,,1
40,201883,15968.7,95485,2561.09,46,2.33238,10950,5,kona,none,vdso,4,,1
50,228372,10713.8,89398,2187.13,41,1.46969,10663,5,kona,none,vdso,4,,1
60,264477,3099.73,80811,947.466,35,0.8,10558,5,kona,none,vdso,4,,1
70,318881,14634.1,66215,4062.29,27,1.62481,10286,5,kona,none,vdso,4,,1
80,361807,7608.2,54118,2605.72,20,1.0198,10046,5,kona,none,vdso,4,,1
90,424047,3508.77,33923,1298.49,11,0.489898,9714,5,kona,none,vdso,4,,1
100,517095,1057.25,2026,102.974,0,0.489898,9730,5,kona,none,vdso,4,,1
