lmemfr,Xput,XputErr,Faults,FaultsErr,KIdle,KIdleErr,UFFDCopy,Count,Backend,PFType,PgChecks,CPU,Threads,Zipfs
20,347500,6390.99,180736,5446.51,3,0.748331,6107,5,kona,ASYNC,vdso,4,,1
30,412878,12857.4,129152,10990.4,0,0.4,6071,5,kona,ASYNC,vdso,4,,1
40,414308,9377.71,124118,7558.08,0,0.4,6025,5,kona,ASYNC,vdso,4,,1
50,435218,4327.91,101578,2274.45,1,0,5938,5,kona,ASYNC,vdso,4,,1
60,451509,5215.26,85193,3806.2,0,0.4,5859,5,kona,ASYNC,vdso,4,,1
70,460736,6055.15,74100,5933.76,1,0,5785,5,kona,ASYNC,vdso,4,,1
80,482928,3311.04,50524,2132.85,0,0.8,5656,5,kona,ASYNC,vdso,4,,1
90,496452,4945.91,34797,2114.83,0,0,5567,5,kona,ASYNC,vdso,4,,1
100,520442,681.792,2007,25.4134,0,0,5743,5,kona,ASYNC,vdso,4,,1
