lmemfr,Xput,XputErr,Faults,FaultsErr,KIdle,KIdleErr,UFFDCopy,Count,Backend,PFType,PgChecks,CPU,Threads,Zipfs
20,327069,9265.69,151315,1020.04,6,1.0198,6277,5,kona,ASYNC,kona,4,,1
30,384919,28370.5,137835,6135.42,2,1.46969,6157,5,kona,ASYNC,kona,4,,1
40,419521,4384.86,121542,3668.32,1,0,6016,4,kona,ASYNC,kona,4,,1
50,423916,11274.6,113955,7623.41,1,0,6007,5,kona,ASYNC,kona,4,,1
60,452813,6546.21,86119,6028.64,0,0.4,5812,5,kona,ASYNC,kona,4,,1
70,455870,6677.81,80073,5141.32,1,0.4,5769,5,kona,ASYNC,kona,4,,1
80,480136,2309.42,51533,2073.39,0,0.979796,5617,5,kona,ASYNC,kona,4,,1
90,493977,1806.77,34268,2240.77,0,0,5478,5,kona,ASYNC,kona,4,,1
100,516497,1414.85,1823,184.834,0,0,5713,5,kona,ASYNC,kona,4,,1
