LMem%,Time,TimeErr,Faults,FaultsErr,HitR,Count,System,Backend,EvP,EvB,CPU,Zipfs,TimeNorm,TimeErrNorm
9,153,0.979796,4101554,3248.8,,5,eden-bh,,,64,1,,2.095890,
16,136,0.8,2827643,2916.44,,5,eden-bh,,,64,1,,1.863014,
22,128,1.0198,2148075,0.894318,,5,eden-bh,,,64,1,,1.753425,
29,126,0.894427,1953133,10.5071,,5,eden-bh,,,64,1,,1.726027,
35,122,0.979796,1765236,7112.98,,5,eden-bh,,,64,1,,1.671233,
41,120,0.748331,1707996,405.706,,5,eden-bh,,,64,1,,1.643836,
48,112,0.4,1432911,132.892,,5,eden-bh,,,64,1,,1.534247,
54,102,0.4,1096463,6.85859,,5,eden-bh,,,64,1,,1.397260,
61,98,0.4,621865,5.35163,,5,eden-bh,,,64,1,,1.342466,
67,92,0.489898,523731,1.6,,5,eden-bh,,,64,1,,1.260274,
74,90,0.4,592414,3.00667,,5,eden-bh,,,64,1,,1.232877,
80,87,0.632456,84237,4.48999,,5,eden-bh,,,64,1,,1.191781,
87,85,0.489898,52957,5.2,,5,eden-bh,,,64,1,,1.164384,
93,83,0.489898,41263,2.24499,,5,eden-bh,,,64,1,,1.136986,
100,82,0,25145,1560.78,,6,eden-bh,,,64,1,,1.123288,
