LMem%,Time,TimeErr,Faults,FaultsErr,HitR,Count,System,Backend,EvP,EvB,CPU,Zipfs,TimeNorm,TimeErrNorm
9,199,0.489898,24163016,8325.07,,5,fastswap,,,,1,,3.316667,
16,169,0.632456,20197788,4654.07,,5,fastswap,,,,1,,2.816667,
22,162,0,19187713,1995.46,,5,fastswap,,,,1,,2.700000,
29,158,0.489898,18222409,2561.23,,5,fastswap,,,,1,,2.633333,
35,151,0.489898,16813493,2218.53,,5,fastswap,,,,1,,2.516667,
41,144,0.748331,15236198,1515.2,,5,fastswap,,,,1,,2.400000,
48,123,0.489898,11187801,1491.67,,5,fastswap,,,,1,,2.050000,
54,105,0.4,7342037,2432.85,,5,fastswap,,,,1,,1.750000,
61,95,0.489898,5171492,2935.29,,5,fastswap,,,,1,,1.583333,
67,87,0.748331,3692855,4860.57,,5,fastswap,,,,1,,1.450000,
74,83,0.489898,3245726,1422.62,,5,fastswap,,,,1,,1.383333,
80,76,0,2270996,436.376,,5,fastswap,,,,1,,1.266667,
87,69,0.489898,1410246,199.159,,5,fastswap,,,,1,,1.150000,
93,60,0,35905,250.123,,5,fastswap,,,,1,,1.000000,
100,59,0.489898,0,0,,5,fastswap,,,,1,,0.983333,
