latency
50.339
13.268
13.470
13.391
13.605
13.496
13.589
13.516
13.370
13.709
13.483
13.566
13.344
14.890
13.415
13.680
14.084
13.358
13.530
13.492
13.582
13.588
14.106
13.269
13.613
13.530
13.543
13.475
13.519
13.497
13.410
13.510
14.102
13.370
13.295
13.469
13.571
13.594
13.467
14.211
13.441
13.316
13.485
14.044
13.491
13.640
14.512
14.696
13.465
13.521
15.438
13.248
13.567
13.483
14.646
15.301
12.807
13.541
13.574
14.141
14.163
14.951
13.315
13.682
14.257
13.866
13.361
13.447
13.460
13.538
13.601
13.537
14.725
13.438
13.754
14.309
13.434
13.965
13.585
13.359
13.589
13.514
13.748
13.699
13.464
13.363
14.155
13.637
13.554
13.443
13.469
13.626
13.958
14.078
13.617
14.099
13.284
14.273
13.484
13.682
13.696
13.662
13.376
13.485
13.371
13.665
13.457
13.415
13.280
14.290
13.508
13.565
13.553
13.455
13.319
13.707
13.680
13.828
13.773
13.823
14.860
12.842
13.577
14.190
14.933
13.510
13.598
13.444
13.624
13.541
15.332
13.436
13.574
13.582
13.438
13.556
13.480
13.825
13.511
13.504
13.366
14.356
13.554
13.328
13.447
13.537
13.662
13.725
13.630
13.549
13.551
13.435
13.681
13.724
13.581
14.261
13.808
13.310
14.405
13.674
13.312
13.761
13.557
13.624
13.624
13.503
14.967
13.459
14.105
13.718
16.580
13.629
13.360
13.534
14.985
13.652
13.580
13.496
14.158
14.008
13.712
13.758
13.425
13.490
13.621
13.414
13.447
13.618
13.513
14.276
13.649
13.533
13.722
13.651
13.670
13.580
13.652
13.432
15.869
13.587
13.584
13.663
13.640
13.362
13.663
13.344
14.380
13.656
13.501
13.632
14.024
13.698
13.504
17.185
14.044
13.629
14.149
13.630
13.564
13.524
13.756
13.655
13.379
13.698
13.614
13.741
13.579
13.564
13.002
13.672
13.550
14.117
13.573
13.310
13.514
13.637
13.465
13.488
14.146
14.080
13.475
13.501
13.480
14.091
14.711
13.687
13.798
13.346
13.297
14.014
13.734
13.531
13.556
13.573
13.366
13.568
13.492
13.325
13.335
14.924
13.542
13.607
13.594
13.653
13.521
13.593
13.648
14.620
13.497
13.502
13.539
15.465
13.356
13.666
13.720
13.634
13.609
13.802
13.664
14.130
14.182
13.488
13.399
17.151
13.699
13.649
14.133
13.427
14.250
13.602
15.260
13.487
13.361
13.346
13.434
14.027
14.701
13.931
13.497
13.692
13.589
13.660
13.676
13.840
13.789
13.462
13.426
13.544
13.647
13.562
13.813
14.755
13.510
14.235
13.589
14.124
14.208
14.832
14.279
14.736
14.208
13.374
13.868
13.828
13.571
13.435
13.476
14.722
13.387
14.169
13.519
13.990
14.108
14.343
13.514
13.396
13.451
13.746
13.328
13.366
15.552
13.692
13.789
14.038
13.589
13.904
13.675
13.469
14.758
14.777
13.468
13.580
13.476
16.015
13.657
13.569
13.492
13.493
13.530
13.787
13.550
13.634
13.191
13.589
13.503
13.231
13.758
13.421
13.675
12.905
13.603
13.613
13.645
13.606
13.558
13.667
13.668
13.747
13.402
13.345
13.562
13.723
13.708
16.418
14.253
14.657
13.620
13.666
13.639
13.513
13.491
14.366
13.569
13.589
13.562
13.674
13.738
13.721
13.521
13.961
13.583
13.596
13.455
13.091
13.869
13.497
13.005
13.722
13.587
13.614
13.305
13.541
13.544
13.607
13.817
13.499
13.572
14.420
14.304
13.653
13.396
14.204
14.157
13.620
13.634
13.732
14.072
13.363
13.716
14.828
13.619
13.586
13.581
13.425
14.265
13.527
13.644
13.634
13.616
13.892
13.514
15.570
15.934
12.915
14.729
15.153
13.565
13.604
13.455
13.194
13.548
15.108
14.980
13.548
13.759
13.745
13.816
13.443
13.717
13.490
12.932
13.438
13.554
13.668
14.104
13.613
13.413
13.707
13.397
13.769
14.232
15.954
14.119
14.261
13.526
14.211
14.015
13.555
14.855
13.808
13.624
16.152
13.760
13.494
13.564
13.353
13.522
13.583
13.614
13.605
14.902
14.752
13.693
13.635
13.736
13.697
13.418
13.577
13.516
13.704
13.345
13.519
13.698
13.479
13.530
13.600
13.456
13.547
13.799
15.897
13.668
15.263
13.510
13.504
14.925
13.664
14.341
13.552
13.613
13.358
13.523
13.666
13.493
13.491
13.554
12.978
13.492
13.636
13.519
14.799
13.481
13.562
13.574
13.816
13.653
13.487
13.635
13.469
14.551
13.523
13.405
13.474
13.911
13.609
13.679
14.413
14.158
13.728
13.969
15.341
13.488
13.594
13.605
18.430
14.053
14.109
13.582
13.595
13.445
14.085
13.459
13.645
15.401
13.542
13.505
14.232
14.129
14.762
13.734
13.562
13.443
13.631
13.361
13.559
13.361
13.850
13.584
13.342
13.497
13.572
13.562
13.638
13.609
13.383
13.595
13.421
13.512
13.686
13.208
13.586
13.333
13.668
13.498
13.439
13.664
13.497
13.371
13.519
13.403
13.474
13.431
13.556
13.500
13.272
13.557
13.628
13.433
13.374
13.650
13.438
14.058
13.579
14.841
13.362
13.458
13.613
13.366
13.265
14.149
13.497
13.457
13.635
13.587
13.523
13.494
13.570
14.115
13.334
14.189
14.191
13.416
13.415
13.597
13.435
14.673
13.502
13.444
13.982
13.320
13.269
15.325
13.634
13.557
13.486
13.578
13.506
13.466
14.895
13.631
14.081
15.205
13.465
13.532
14.828
13.461
13.536
13.571
13.429
13.590
13.562
13.537
13.527
14.059
13.632
13.510
13.514
13.512
13.536
13.439
13.415
13.531
14.615
13.390
13.502
13.546
13.214
15.300
14.084
13.642
13.417
13.572
17.965
13.320
14.843
14.105
13.204
13.366
14.252
13.507
14.892
14.957
13.307
13.727
14.550
14.079
14.025
13.642
13.418
13.464
15.142
14.539
13.436
13.469
14.065
13.598
13.547
13.550
14.817
13.598
13.676
13.568
13.589
13.654
13.551
13.521
15.316
13.614
14.151
13.791
13.492
14.794
13.611
13.582
13.698
13.301
13.727
13.570
14.718
14.108
13.484
14.016
13.640
13.520
13.528
13.494
13.521
13.540
13.719
13.453
18.302
13.634
13.623
13.326
14.193
13.470
13.916
13.546
13.558
13.539
13.479
13.629
13.171
13.574
13.393
14.230
13.688
13.399
13.576
13.512
13.602
14.067
15.613
13.648
13.491
13.469
13.663
13.677
13.659
13.316
13.500
13.490
13.472
14.196
13.551
13.923
13.232
16.138
13.427
13.470
13.606
14.131
14.085
13.485
15.997
13.714
13.552
13.063
13.549
13.623
15.255
13.525
13.539
13.459
13.510
14.350
13.851
13.436
13.561
14.253
14.093
13.406
15.417
13.302
13.636
13.562
13.497
13.679
16.896
13.545
13.547
16.706
13.590
13.613
13.537
13.541
13.490
13.468
14.060
14.330
15.393
13.265
13.736
13.387
14.142
13.650
13.577
13.680
16.306
13.611
13.655
13.504
13.613
13.685
13.452
13.668
13.624
13.694
13.690
13.409
13.479
13.477
13.775
14.691
14.731
13.449
13.527
13.514
15.534
13.512
13.457
13.633
13.691
13.771
14.272
14.096
13.474
13.524
13.659
13.448
13.607
13.384
13.562
13.638
13.612
13.617
13.554
13.325
13.536
13.320
13.500
14.328
13.675
13.507
13.303
13.226
13.504
14.634
14.843
13.497
13.469
13.241
13.407
14.120
13.631
15.421
13.675
14.874
13.889
13.328
13.369
13.660
13.412
15.152
13.599
13.501
13.497
13.579
13.928
13.397
13.487
13.382
13.562
13.576
14.263
14.093
14.398
13.959
13.958
13.959
13.628
13.590
13.670
13.546
13.973
14.683
13.510
13.545
13.435
13.484
13.544
13.651
14.527
14.176
13.644
13.479
13.601
14.892
12.820
13.964
13.550
13.665
13.479
13.683
13.383
13.407
13.664
13.586
13.588
13.510
12.810
13.681
13.433
13.549
13.642
14.129
14.034
14.923
13.424
14.101
13.590
13.572
13.545
13.619
13.671
13.429
13.653
13.518
14.598
13.519
13.538
14.166
14.390
13.520
13.494
13.505
13.435
14.211
15.698
14.577
13.416
13.657
13.812
13.509
13.599
13.492
15.001
13.823
13.531
13.912
13.439
14.797
13.521
13.435
13.466
13.600
13.385
13.955
13.549
13.450
13.340
13.428
14.253
13.296
14.106
13.696
13.487
14.871
13.675
13.409
13.476
13.383
12.795
13.687
13.491
13.608
13.652
13.616
13.671
13.443
13.403
13.294
13.556
13.589
13.551
13.574
14.239
13.534
13.435
14.009
14.710
13.511
13.622
13.740
13.426
13.713
13.669
13.237
14.182
15.790
13.779
14.149
13.623
13.549
13.655
13.605
13.754
14.129
13.572
13.720
13.595
13.607
13.579
13.537
13.769
13.430
15.261
13.708
13.847
13.519
13.733
14.034
13.672
13.147
13.740
13.485
13.644
13.515
13.651
13.676
13.581
13.650
13.642
13.519
13.441
13.398
13.541
14.492
13.633
14.207
14.130
14.127
13.844
13.632
13.628
13.749
13.729
13.433
13.366
14.105
13.802
13.653
13.922
13.385
14.191
13.486
13.458
14.691
13.386
13.555
13.407
13.595
13.706
14.615
13.673
13.404
13.555
13.623
13.716
13.482
16.165
16.562
13.666
13.857
13.737
14.930
13.500
13.536
14.222
13.682
13.016
13.373
13.380
13.010
13.824
14.447
13.661
14.314
13.850
13.864
14.839
13.732
13.544
18.974
13.696
13.581
14.764
13.928
13.750
13.729
13.621
13.811
14.747
13.628
13.714
13.475
13.716
13.537
13.093
13.518
13.401
13.639
13.626
13.652
13.149
14.352
13.531
13.586
15.642
13.526
14.153
15.545
13.612
13.687
13.593
13.472
15.366
13.639
13.807
13.792
13.601
14.949
14.758
14.128
14.407
13.599
13.616
14.228
14.285
13.538
13.366
13.450
13.606
13.691
13.623
13.024
13.584
14.310
13.565
14.949
13.664
13.596
14.745
14.974
13.592
13.547
13.421
13.650
13.624
19.085
13.693
13.511
13.325
13.639
13.684
13.633
13.679
13.737
13.827
14.085
13.295
13.638
13.550
13.578
14.770
13.402
15.453
14.716
13.592
13.845
13.087
14.054
13.455
13.654
13.568
13.833
13.664
13.472
13.513
13.733
13.568
13.641
13.548
13.809
13.758
13.407
13.080
13.578
13.516
13.625
13.583
13.593
14.063
13.794
13.678
13.396
13.042
13.704
13.697
14.263
13.671
15.017
13.536
14.937
13.695
13.740
13.763
13.769
13.746
13.663
13.667
15.307
13.615
13.580
13.343
14.190
14.086
13.648
13.776
13.479
13.270
14.165
13.472
14.130
13.661
13.215
13.805
13.588
13.634
13.807
13.549
13.717
13.621
14.032
14.159
13.701
13.637
13.662
14.347
13.521
13.494
13.636
13.698
13.641
13.613
13.592
13.595
13.494
13.686
13.991
14.681
13.325
13.192
14.506
13.490
13.466
13.888
13.469
13.639
13.653
13.679
13.506
14.235
13.613
13.613
13.717
13.726
13.488
13.637
15.001
13.645
14.116
14.867
13.604
14.209
13.581
13.529
13.035
13.558
13.614
13.726
13.326
13.700
13.620
13.601
13.708
13.558
14.197
13.806
13.314
14.285
13.780
13.432
13.637
13.656
13.597
13.604
13.572
13.543
13.821
13.577
13.819
13.739
13.654
13.980
13.512
13.637
15.150
14.481
13.542
13.468
14.767
13.492
14.265
13.553
13.627
13.799
13.593
13.863
14.162
14.817
13.356
13.485
13.730
13.736
13.396
13.550
13.516
14.722
14.163
13.686
13.583
14.736
13.694
14.218
14.307
13.508
13.589
13.735
13.649
14.035
13.562
14.832
13.758
13.398
13.512
13.714
13.526
13.482
13.627
13.569
13.668
13.646
13.595
13.667
13.548
13.701
13.625
13.470
14.210
13.459
14.271
13.586
15.515
13.515
13.504
13.481
13.504
14.231
17.300
13.676
13.516
13.552
13.564
13.675
13.627
13.440
13.979
13.468
14.277
15.672
13.485
13.513
13.380
13.665
14.781
13.739
14.692
13.839
14.116
13.722
13.668
14.124
13.689
13.764
13.453
13.512
13.608
13.687
13.669
13.659
14.525
16.543
18.568
14.864
14.308
13.379
13.509
13.438
13.496
13.319
13.727
13.647
13.693
13.737
13.425
13.593
15.366
13.574
13.551
13.700
13.375
13.562
13.464
13.625
13.542
13.657
13.605
13.513
13.679
13.606
13.730
13.860
14.914
13.355
14.828
13.479
13.659
13.486
13.628
13.481
13.671
13.571
13.440
14.782
13.856
15.235
13.542
13.737
14.341
13.725
13.804
14.789
14.270
14.113
13.544
13.537
13.468
13.978
13.597
13.709
13.517
14.119
13.561
13.572
13.399
13.767
14.358
13.808
13.561
13.598
14.511
13.532
13.407
13.495
13.581
13.535
13.686
13.409
13.281
13.465
13.942
13.396
13.527
13.891
14.193
13.511
13.553
13.423
13.676
15.376
13.504
14.588
13.567
13.479
13.506
14.156
13.573
13.685
13.483
13.436
13.426
13.691
13.416
13.565
13.970
13.683
14.660
13.712
13.583
13.640
13.510
13.530
14.077
13.353
14.019
14.784
14.620
14.060
13.988
13.639
14.196
13.571
13.476
14.246
13.468
13.426
13.550
13.497
13.575
13.452
14.028
14.981
14.221
13.568
13.569
13.831
13.448
13.541
13.554
13.412
14.165
14.746
13.540
13.696
13.412
13.351
13.525
13.444
13.947
13.450
13.548
14.773
13.521
13.487
13.576
14.121
13.576
14.217
13.438
13.496
14.224
13.613
14.817
13.816
14.203
13.536
13.487
13.438
13.572
13.649
13.555
13.582
14.034
14.700
13.766
13.614
13.572
13.663
13.574
13.557
13.571
13.520
13.411
13.438
14.042
14.180
13.468
13.434
13.554
13.757
13.682
14.092
13.387
13.499
13.599
13.310
13.587
13.604
14.148
13.655
13.611
14.741
14.138
13.544
13.512
14.261
13.415
13.545
14.196
13.372
13.575
13.455
13.352
13.564
13.524
13.507
14.620
13.613
13.456
13.603
13.398
13.511
13.574
13.646
14.033
13.655
13.510
13.816
13.263
13.293
13.524
13.250
13.741
13.471
14.591
13.508
14.835
14.613
15.581
13.395
13.508
14.425
13.652
13.315
13.386
13.472
14.591
13.651
13.383
13.525
13.502
14.219
13.329
13.508
13.479
13.545
14.160
14.085
13.776
13.600
13.467
13.665
15.392
13.550
15.591
14.613
13.709
13.425
13.450
13.639
13.567
13.016
13.644
13.644
13.754
13.518
13.462
13.426
14.100
13.480
14.207
13.554
13.536
14.747
13.565
14.758
13.776
13.545
13.613
13.592
13.413
13.654
14.077
13.302
13.945
14.571
13.405
13.651
13.598
13.506
13.431
14.798
13.598
13.595
13.716
14.760
13.580
13.636
13.763
13.306
13.901
13.432
13.596
13.520
13.451
13.493
13.895
13.696
13.629
13.496
13.637
13.594
13.478
14.242
14.719
14.162
13.582
13.441
13.517
13.434
14.309
15.306
13.509
15.234
14.075
13.490
14.082
13.609
13.871
13.482
13.387
13.345
13.392
13.443
13.362
13.525
13.309
13.504
14.045
13.437
13.492
13.871
13.603
13.519
13.598
14.892
13.716
13.543
14.180
14.357
14.133
14.846
13.556
13.449
13.315
13.428
13.798
13.466
13.510
13.582
13.512
13.881
14.237
13.479
14.267
13.484
14.668
14.611
13.521
14.213
14.157
13.522
13.727
13.521
13.587
13.538
13.684
14.038
13.730
13.635
13.351
13.215
13.465
13.531
13.458
13.591
13.381
15.485
13.520
13.457
14.696
13.468
13.321
14.809
13.437
13.585
13.539
13.226
13.430
17.659
13.377
14.191
14.073
13.494
13.307
13.488
13.675
13.560
14.674
14.487
15.148
14.070
13.434
13.407
14.135
13.582
14.684
13.606
14.098
13.496
13.421
14.109
14.009
13.626
13.586
13.387
13.687
13.629
13.828
13.624
13.466
13.500
13.339
13.441
13.591
13.497
13.649
14.758
13.400
13.595
13.513
13.556
13.560
13.396
14.469
13.621
13.576
13.470
13.421
14.233
13.575
13.754
13.488
14.767
14.193
14.019
13.553
13.490
13.649
13.593
13.624
14.776
13.220
13.631
13.637
13.560
13.510
14.472
13.895
14.861
13.460
13.572
14.279
13.174
14.099
13.568
13.941
13.510
13.939
13.596
13.245
13.498
13.710
13.536
13.352
13.417
14.611
13.404
14.137
14.192
13.631
14.159
14.789
13.754
13.653
13.893
14.227
13.774
14.138
14.791
13.493
14.031
13.675
13.490
13.593
13.423
13.378
15.847
13.592
13.335
13.521
13.424
13.547
13.633
13.349
13.600
13.568
14.110
13.675
13.511
13.565
13.714
13.427
13.853
13.684
13.582
13.730
13.376
14.139
13.414
13.541
13.697
13.452
16.096
13.473
13.466
13.393
14.940
14.021
13.499
13.551
13.469
13.827
13.543
13.372
13.685
13.680
13.569
13.323
13.548
13.538
13.628
14.941
13.492
13.586
13.602
13.368
13.053
13.597
14.156
13.593
13.683
14.070
14.010
14.614
13.601
16.628
13.795
13.468
15.418
13.582
13.552
13.562
13.763
13.720
13.809
14.146
14.305
13.579
13.475
13.477
13.687
13.597
13.533
13.692
13.616
13.520
13.639
13.562
14.216
13.914
13.574
13.477
13.577
13.572
13.613
15.518
13.840
13.591
13.723
13.572
14.008
14.243
14.596
13.540
13.597
13.693
13.725
13.778
13.636
13.364
13.557
13.960
13.620
13.718
14.200
13.840
14.433
15.469
14.102
13.703
13.059
14.858
13.692
13.455
13.546
13.562
14.732
13.581
13.234
13.605
13.367
13.605
13.615
13.585
13.631
13.354
13.878
13.625
13.620
14.170
13.430
13.704
14.277
13.203
14.698
13.533
13.650
13.490
13.506
13.532
14.713
13.716
13.474
14.177
13.692
14.189
13.793
14.091
13.624
13.737
13.571
13.350
14.277
13.809
14.080
13.469
13.544
12.861
14.203
13.623
13.497
16.204
13.699
13.439
13.487
13.617
13.555
14.184
15.731
13.505
13.682
13.425
13.723
13.694
14.292
13.494
13.606
13.820
13.653
13.922
13.439
13.441
14.067
13.582
13.594
13.661
13.488
14.027
14.215
13.703
14.203
13.690
14.719
13.608
14.077
13.576
14.068
13.618
13.706
13.733
13.571
13.399
13.371
13.466
13.701
13.166
13.849
14.167
13.466
14.050
15.366
13.674
14.131
14.667
13.448
14.268
13.471
13.673
13.582
13.572
13.723
13.444
13.661
13.784
13.566
13.751
13.517
13.598
13.645
13.360
13.460
14.244
13.376
13.992
13.764
13.679
13.954
13.634
13.449
14.178
13.905
13.607
13.762
13.744
14.281
13.491
13.567
13.445
13.553
13.797
14.049
13.555
13.665
13.544
13.466
14.228
14.315
13.571
14.999
13.531
13.724
13.731
13.648
13.553
13.333
13.653
13.634
13.577
14.272
13.740
13.674
13.520
13.661
13.677
13.732
13.741
13.146
14.135
13.780
13.518
13.618
13.508
13.677
13.552
14.994
14.890
13.529
13.413
13.513
13.677
13.554
13.468
14.153
13.535
14.818
13.526
14.469
13.464
13.799
13.057
14.191
13.641
13.534
13.539
13.512
13.689
13.969
13.469
13.485
13.495
13.439
13.680
13.469
13.651
13.552
14.011
13.769
13.540
13.570
13.470
13.682
13.456
13.621
13.446
13.534
13.644
13.663
14.244
13.453
13.493
13.682
13.515
13.758
13.722
13.590
13.808
13.563
13.495
13.548
13.768
13.976
13.428
14.788
13.705
13.440
13.678
14.254
13.636
13.510
13.517
13.448
13.616
13.356
15.244
13.446
13.500
13.606
13.593
13.558
13.619
13.741
13.562
14.116
13.516
13.548
13.519
13.612
15.562
14.153
15.006
13.447
15.558
13.822
13.468
13.488
13.669
13.581
13.593
13.656
13.663
14.262
13.665
14.247
13.416
13.781
13.376
13.878
14.777
14.193
13.067
14.129
13.516
14.222
13.516
13.717
13.527
13.629
13.515
13.525
13.625
13.628
15.582
13.594
14.213
13.603
13.841
15.093
13.590
13.757
13.539
13.500
13.459
13.731
13.531
13.640
13.544
13.616
15.357
14.808
14.245
13.741
14.066
13.447
13.606
14.215
14.949
13.659
14.783
13.411
13.545
13.575
14.919
13.629
13.490
13.686
13.544
13.531
13.568
13.662
13.622
13.062
13.738
13.710
14.046
13.583
13.500
13.495
13.622
13.573
15.448
14.336
13.392
14.708
13.454
13.576
13.793
13.787
13.607
13.722
14.033
13.479
13.727
13.415
15.501
13.752
13.534
13.535
13.593
13.652
13.789
13.756
13.580
14.749
13.706
15.390
13.543
14.045
13.477
14.716
13.531
13.582
14.016
13.628
14.835
13.656
14.668
13.958
13.356
13.672
13.602
13.467
13.532
13.664
13.707
13.557
13.491
13.556
13.548
14.030
13.374
13.636
13.769
13.727
13.369
13.825
13.665
13.444
14.101
14.095
13.661
13.503
13.663
13.561
13.592
13.614
13.608
13.630
13.646
13.462
13.486
13.666
14.173
13.429
13.034
14.809
14.158
13.547
13.385
13.482
13.556
13.553
13.567
14.345
13.339
14.601
13.382
14.268
14.647
13.740
14.025
13.515
13.585
14.021
13.595
13.468
13.427
13.630
14.096
13.516
13.591
13.607
13.538
13.396
13.367
13.525
14.441
14.228
13.487
13.396
13.576
14.760
13.484
13.718
13.512
17.199
13.717
13.571
13.533
14.966
13.595
13.404
13.389
13.438
13.462
13.572
13.627
13.554
13.569
13.353
13.471
13.561
13.572
13.568
13.485
13.415
13.585
13.474
13.558
14.354
13.365
13.441
13.306
14.765
13.499
13.646
13.593
13.707
13.469
13.489
13.533
13.601
13.663
13.542
13.510
14.120
13.565
13.406
13.687
13.539
13.706
13.405
13.733
13.638
15.391
14.101
13.374
13.580
13.937
14.399
13.733
13.235
13.710
14.134
13.385
13.479
13.966
14.878
13.637
14.264
13.560
14.431
13.606
13.526
13.507
13.322
13.541
13.477
14.721
14.133
15.208
13.595
13.494
13.518
13.472
13.518
13.609
13.632
13.713
13.593
13.408
13.543
13.545
13.574
13.620
13.603
14.823
13.465
13.521
14.001
14.158
13.471
13.514
13.811
13.441
13.622
13.434
13.509
13.563
13.491
13.654
13.363
13.366
13.659
13.520
13.671
14.194
13.656
13.417
15.427
13.727
14.304
13.563
13.714
13.387
13.469
13.589
13.622
13.607
13.556
14.325
16.680
13.301
13.448
15.173
13.579
13.541
13.315
13.335
16.201
13.726
13.577
13.603
13.484
13.318
13.704
13.541
13.489
13.319
13.482
13.416
13.653
13.283
13.516
13.670
13.445
13.546
13.483
15.299
14.068
14.092
13.715
13.392
13.410
13.565
16.663
13.343
13.490
13.580
13.698
13.201
13.304
13.339
13.564
13.574
13.473
13.645
13.539
14.246
15.205
13.526
13.536
13.597
13.554
13.629
13.916
13.631
13.595
13.450
13.678
14.072
13.840
13.642
13.951
13.570
13.622
13.454
14.696
13.678
13.586
13.321
13.727
13.474
13.482
13.634
13.511
14.727
13.339
13.460
13.678
13.293
13.602
13.570
13.426
14.692
14.276
13.542
13.357
13.593
13.642
13.760
13.590
14.575
13.307
14.593
13.556
13.510
13.389
13.448
14.102
13.305
13.603
13.062
13.232
13.489
13.413
13.568
14.167
13.490
13.479
13.356
13.387
13.556
13.345
13.618
13.460
13.700
13.279
13.508
13.373
13.378
13.425
13.477
13.562
13.409
13.600
13.555
15.147
13.345
13.738
13.618
14.720
13.677
14.833
13.536
13.669
13.576
14.179
13.416
13.334
13.528
13.472
15.024
13.678
14.603
13.299
14.164
13.583
13.524
13.448
13.938
13.562
13.547
13.685
14.698
13.558
13.536
13.421
13.269
13.431
14.532
13.414
13.603
13.464
13.542
13.463
14.167
13.582
13.510
13.395
13.763
13.325
13.955
13.510
13.490
14.131
13.406
13.530
13.978
13.428
13.582
13.459
13.424
13.542
14.138
14.116
13.541
14.834
13.399
14.048
13.284
14.099
13.995
13.304
13.611
13.613
13.644
14.616
13.551
13.416
13.715
13.387
13.970
15.325
13.415
13.366
14.118
14.327
13.443
13.489
14.703
13.474
14.603
13.337
13.592
13.591
13.522
14.108
13.403
13.563
13.437
13.373
13.582
13.552
13.570
13.486
13.766
13.502
13.693
13.459
13.394
13.451
13.362
13.497
13.519
13.502
13.433
13.500
13.576
13.600
13.668
13.348
14.694
13.427
14.246
14.225
13.537
13.387
13.419
13.521
13.353
13.414
13.515
14.859
13.263
14.627
13.463
13.513
13.434
13.654
14.021
13.741
13.926
13.659
14.161
12.955
14.106
13.531
13.454
14.787
13.585
14.084
14.798
13.115
13.710
13.361
13.461
13.663
14.112
13.596
13.582
13.466
15.321
14.614
13.474
13.660
13.442
13.516
14.253
14.647
13.730
13.785
13.530
13.307
14.699
13.737
13.425
13.524
13.525
13.551
13.490
14.018
13.571
14.190
13.695
15.196
13.537
12.907
13.495
13.637
14.850
13.361
14.815
13.965
13.570
13.646
13.719
13.517
13.601
13.357
13.434
13.822
13.538
13.710
12.954
13.165
13.886
13.855
13.762
13.526
13.599
13.491
13.635
13.681
12.948
13.338
13.593
13.560
13.135
13.562
13.504
13.651
13.562
14.417
13.627
13.546
15.453
14.114
13.557
13.860
13.300
13.548
13.575
14.192
13.553
14.795
13.533
14.038
13.482
13.511
13.796
14.143
13.595
13.613
13.636
13.496
13.744
13.558
13.606
16.303
13.705
13.705
13.575
13.655
13.479
13.996
14.091
13.832
13.708
13.889
13.330
13.577
13.707
14.268
13.991
13.328
14.300
13.379
13.906
13.626
13.531
13.544
13.715
13.520
13.510
13.651
13.758
15.022
13.557
13.695
13.692
12.843
13.641
14.260
13.667
13.695
13.581
13.650
17.322
13.725
13.650
13.727
13.881
13.563
14.317
14.829
13.800
15.278
13.608
13.466
13.370
13.574
13.927
13.353
13.623
15.512
13.496
13.525
13.671
14.208
13.512
13.514
14.042
14.178
13.665
13.628
13.624
13.642
13.597
14.706
13.720
13.589
13.584
13.646
14.237
13.630
13.747
14.275
14.204
13.723
13.658
14.160
13.713
13.608
13.468
13.637
13.597
14.131
13.680
13.354
13.670
13.425
13.608
14.180
13.631
13.443
13.404
13.521
13.471
14.834
14.120
13.594
14.047
13.552
13.592
13.680
14.106
13.563
14.747
13.719
13.641
13.618
13.469
13.470
13.742
13.623
13.775
13.546
13.183
13.586
13.837
14.478
14.203
13.560
14.075
14.727
13.664
13.474
14.252
14.340
13.510
13.449
13.607
14.084
13.707
13.784
13.575
13.264
13.411
13.541
14.376
13.500
13.576
14.184
13.559
14.712
13.848
13.602
13.587
13.526
14.615
13.743
13.596
13.339
13.661
13.780
13.490
13.688
14.688
13.949
12.979
13.886
13.634
13.735
14.107
13.598
14.218
13.575
13.575
14.187
12.968
13.676
13.507
14.829
13.643
13.563
13.570
13.532
13.587
13.697
14.396
17.223
13.551
13.638
13.665
13.550
13.476
14.051
14.193
14.744
13.632
13.968
14.044
13.580
13.424
14.076
13.592
13.450
13.516
14.697
13.586
13.791
13.407
13.833
13.605
13.619
14.157
13.674
13.516
13.594
13.421
13.509
13.782
13.741
13.521
13.627
13.579
13.731
13.458
13.638
13.509
13.696
13.776
13.837
17.240
14.217
15.445
13.435
15.280
13.686
13.738
13.538
13.647
13.522
13.767
13.650
13.663
13.912
15.437
13.596
13.479
14.094
13.527
13.773
13.493
13.522
13.530
13.603
14.355
13.827
13.693
13.517
13.595
14.914
13.381
13.709
13.359
14.552
13.601
14.549
13.624
14.125
13.714
13.523
14.192
13.859
13.541
13.694
15.366
16.681
13.529
13.540
14.380
13.822
13.594
12.812
13.507
14.284
14.837
13.466
13.555
15.567
13.680
13.592
13.403
13.562
13.613
13.656
13.393
13.562
13.655
14.133
13.733
13.464
14.250
13.752
13.673
14.127
13.610
14.787
13.518
14.236
13.527
13.136
13.947
14.043
13.375
13.535
13.325
13.659
14.216
13.530
13.546
13.698
13.700
13.470
13.503
13.578
13.921
13.668
14.848
13.655
13.610
13.519
13.494
14.166
13.521
13.664
13.626
14.815
13.559
13.665
13.517
13.290
13.641
14.016
13.605
13.651
13.649
13.476
13.701
13.604
14.965
13.478
13.665
13.458
14.168
13.886
14.894
13.622
13.672
13.687
13.650
14.338
13.321
13.660
14.281
13.691
13.735
13.540
14.195
13.789
13.575
13.583
13.686
13.730
13.661
14.736
13.659
13.655
13.998
13.737
13.704
13.557
13.686
13.633
13.580
13.485
13.441
13.613
13.638
13.504
14.017
13.735
13.544
13.567
13.600
13.586
13.449
13.638
13.670
13.730
13.588
13.541
13.726
14.222
13.394
13.582
13.822
14.380
13.688
13.485
13.446
13.532
13.871
13.401
13.707
13.624
13.663
13.591
13.600
13.456
13.578
14.190
13.391
13.733
13.695
13.656
13.693
13.645
13.523
13.510
13.153
13.860
13.714
14.104
13.886
13.646
14.064
13.614
13.638
13.665
13.521
13.051
13.565
13.511
14.277
13.552
13.766
14.207
13.535
13.729
13.401
13.650
13.959
13.732
13.379
14.126
13.709
13.762
13.401
13.507
13.599
13.035
14.053
13.631
14.094
13.779
13.593
13.517
13.544
14.181
13.971
13.670
14.160
13.525
13.300
13.398
13.743
13.559
13.502
14.126
13.528
13.503
13.560
14.068
13.556
13.694
13.477
13.624
15.563
13.505
14.304
13.382
13.518
13.481
14.055
13.421
14.757
13.506
13.554
13.371
13.615
14.252
13.745
14.620
13.466
13.363
13.826
13.605
14.116
13.655
13.484
13.477
14.186
14.216
13.435
13.565
14.230
15.510
13.316
14.290
14.184
14.095
14.355
13.424
13.415
13.619
13.460
14.160
13.427
13.526
13.301
14.540
13.414
13.471
13.622
13.493
13.496
13.575
14.095
13.101
13.481
13.180
13.564
13.426
14.009
13.410
13.634
13.486
13.485
13.946
13.401
14.445
13.485
13.503
13.624
13.536
13.614
13.661
14.027
13.735
13.494
13.547
13.626
13.753
13.678
13.344
13.298
14.002
13.567
13.638
13.543
13.367
13.551
13.433
14.235
13.925
13.492
13.911
13.490
13.599
14.016
13.536
13.737
13.622
13.585
13.442
13.603
14.022
14.077
13.598
13.727
13.520
14.112
13.589
13.556
13.692
13.410
13.302
13.622
14.153
13.466
13.522
13.474
14.025
13.462
14.263
14.026
13.574
13.418
13.316
13.455
13.817
12.852
15.492
13.609
13.574
14.308
14.314
13.507
13.675
14.784
13.414
13.366
13.382
13.516
13.407
13.560
13.563
13.461
13.492
13.361
13.448
13.422
13.675
13.522
13.444
14.836
13.506
13.985
16.104
12.892
14.549
13.559
13.543
13.557
13.712
13.644
13.496
14.121
13.702
13.414
13.511
13.613
13.525
13.473
13.674
13.541
13.510
13.428
16.495
13.510
13.299
13.490
13.689
13.988
13.352
19.950
13.541
14.464
14.233
13.686
13.628
13.481
13.387
13.444
13.734
13.584
13.615
14.056
13.482
13.242
14.949
14.235
15.398
14.619
15.257
13.655
14.262
13.634
14.134
13.605
13.377
13.305
14.053
13.480
13.430
13.552
13.532
13.580
14.789
13.632
13.528
14.330
13.530
14.166
12.852
13.569
14.227
13.016
15.732
13.288
13.567
13.690
13.356
13.479
13.457
13.541
13.389
14.232
14.578
13.520
13.558
13.710
13.497
13.403
13.510
13.784
13.579
13.576
13.548
13.594
13.575
13.447
13.428
13.551
13.446
13.926
14.062
13.516
13.572
13.651
13.468
13.676
14.153
13.599
14.099
13.488
14.109
13.386
14.807
13.552
16.553
13.448
13.556
13.504
13.606
13.582
13.381
13.522
14.093
13.574
13.461
13.215
13.583
14.786
13.472
13.469
13.441
13.478
14.046
13.528
13.742
13.490
13.478
13.522
14.541
14.579
14.176
14.128
13.544
13.388
13.544
13.410
13.582
13.518
13.537
13.706
13.755
13.493
13.629
13.503
13.325
14.279
13.437
13.544
13.387
14.006
13.538
14.220
13.510
13.395
13.740
13.504
14.095
13.556
13.559
13.466
13.574
13.380
14.173
13.902
13.596
13.469
12.963
13.459
14.714
13.433
13.463
13.920
13.460
14.462
14.102
13.557
16.727
13.626
14.182
14.173
13.807
13.338
14.079
13.467
14.233
13.448
13.538
13.469
13.464
14.170
13.589
13.293
15.358
13.408
13.378
13.768
14.778
13.626
14.166
13.693
14.160
13.562
13.332
13.519
13.573
14.011
13.223
13.602
13.458
13.655
14.110
13.553
14.819
13.624
13.711
13.300
14.103
13.632
13.607
13.565
14.131
13.465
13.602
13.525
13.403
14.913
13.638
13.699
13.556
14.096
13.451
13.568
13.580
13.568
13.572
13.618
13.504
14.108
13.411
14.154
13.937
13.387
13.581
13.650
12.974
15.215
19.001
13.531
13.500
13.383
14.914
13.975
13.697
13.581
13.537
15.496
13.573
16.259
13.466
13.561
17.125
14.063
13.637
13.520
13.531
13.543
16.452
13.473
13.281
13.840
13.567
13.503
13.537
13.657
13.527
13.504
13.254
14.118
13.488
13.559
14.284
13.429
14.121
13.493
13.668
13.520
14.509
13.427
13.310
13.559
13.384
14.229
13.376
13.480
14.227
13.929
13.742
13.475
13.510
13.787
13.547
13.656
13.627
13.531
15.436
13.814
15.628
13.800
13.510
13.652
13.201
13.929
13.413
14.166
13.477
14.172
13.387
13.445
12.948
13.805
13.622
13.436
13.586
13.498
14.420
14.056
13.627
13.587
13.655
13.284
14.280
13.314
13.025
14.246
13.586
13.481
13.447
13.497
13.562
13.716
13.422
13.567
13.497
13.782
13.632
13.438
13.639
13.682
13.597
13.497
13.627
13.553
14.169
13.474
13.530
13.689
14.804
14.163
14.253
13.738
14.089
13.506
13.542
13.709
13.665
13.328
13.766
13.542
14.145
13.783
13.206
13.638
13.622
13.682
14.000
13.469
13.947
14.651
14.098
15.709
13.454
13.032
13.600
14.215
13.740
14.897
13.706
14.290
13.573
13.336
13.401
13.440
13.615
13.653
13.037
13.586
13.729
13.570
13.577
15.358
13.414
13.517
13.642
14.803
13.382
13.743
13.604
13.529
13.652
13.342
14.224
14.028
13.514
13.654
13.479
14.052
14.201
13.812
13.673
13.581
13.471
13.510
13.913
13.693
13.804
13.637
15.297
13.822
13.617
13.689
14.489
15.084
14.076
14.277
13.429
14.037
13.448
13.518
14.168
16.391
13.513
13.787
13.689
13.632
13.628
13.519
13.652
13.724
13.444
13.493
13.717
13.636
13.760
14.216
14.217
13.706
14.608
13.509
13.740
13.619
14.232
14.230
13.640
13.647
13.651
13.473
13.572
13.399
14.253
13.426
15.063
13.799
13.547
13.409
13.508
14.696
13.704
14.189
13.746
14.253
13.518
13.613
13.522
13.510
14.002
13.630
13.683
13.365
13.577
13.727
13.164
13.680
13.617
13.556
13.704
13.563
13.639
13.597
14.267
13.532
13.730
13.506
13.569
13.445
16.657
13.601
14.750
13.621
13.686
14.242
14.101
13.616
13.696
14.294
13.673
14.139
13.828
13.539
14.246
13.521
12.976
16.760
13.572
13.428
13.870
14.147
13.593
13.642
13.543
13.407
13.663
13.916
13.325
13.675
13.484
13.558
15.421
13.614
13.537
13.732
13.629
13.421
13.435
14.109
13.985
13.655
13.781
13.486
13.951
13.739
13.728
14.191
13.579
14.106
14.410
14.109
13.628
13.484
14.896
13.706
13.737
14.261
14.439
13.605
14.966
13.562
13.586
13.471
14.011
14.569
13.481
13.653
14.321
13.706
13.062
13.543
14.263
13.654
13.572
13.334
13.752
13.470
15.604
13.535
13.579
15.531
13.639
13.699
13.634
14.722
13.516
21.939
12.712
13.597
13.405
13.799
13.634
14.966
13.760
13.612
13.045
13.609
14.748
13.679
13.929
13.803
14.502
15.418
13.546
14.098
13.478
16.275
13.596
13.498
13.796
13.672
13.713
13.690
14.253
13.507
13.830
13.807
13.565
13.527
13.760
13.531
13.602
13.531
14.304
13.749
13.514
13.789
13.747
13.646
13.734
14.429
13.582
13.569
14.289
14.265
13.566
14.145
13.383
13.446
13.437
13.438
13.587
13.864
14.769
13.536
13.675
13.658
14.215
13.688
13.514
13.425
14.023
13.517
13.719
13.368
13.512
13.570
13.652
13.802
14.761
14.334
13.490
13.266
13.528
13.816
12.974
14.087
13.641
15.736
13.747
13.627
14.858
13.748
13.513
13.578
13.789
13.669
14.020
13.650
14.877
13.652
13.541
14.849
13.542
13.581
13.455
13.489
13.723
14.971
12.943
14.078
13.712
13.501
14.802
13.647
13.639
14.246
14.846
13.705
13.658
13.664
14.683
13.559
13.746
14.838
13.314
13.389
13.525
13.439
13.638
13.778
14.626
13.557
13.742
13.689
13.618
13.661
13.553
13.572
13.521
13.459
13.558
13.510
13.503
13.696
13.129
14.067
13.631
13.327
15.207
13.699
12.980
13.564
13.580
13.590
13.081
14.077
13.616
14.533
13.514
13.686
15.131
13.582
13.580
13.550
13.707
13.639
13.548
14.774
14.833
14.201
13.974
13.875
13.683
13.613
13.584
13.523
13.686
13.115
13.590
13.015
13.531
13.497
13.610
13.569
13.468
13.528
13.672
13.544
13.903
14.912
14.244
14.127
14.868
13.781
13.459
13.633
14.148
13.655
13.908
13.597
13.977
14.199
14.832
14.223
13.521
13.464
13.617
14.146
14.065
13.632
13.685
13.582
13.747
14.137
13.619
13.648
14.211
13.514
13.117
13.500
14.096
13.700
13.411
13.457
13.514
13.473
13.568
13.799
13.520
13.595
14.342
13.549
14.983
13.524
13.326
13.554
13.572
13.714
13.279
13.763
14.161
14.906
13.471
13.548
13.546
14.355
13.390
13.612
13.335
13.395
13.519
13.665
13.397
13.551
13.410
13.051
13.593
13.267
13.716
13.648
13.459
13.877
13.651
15.098
13.735
13.701
13.484
13.563
15.491
13.423
13.497
13.568
13.451
13.438
13.734
13.307
13.672
14.036
13.592
14.793
13.766
14.108
13.700
13.606
14.294
13.598
14.165
14.836
13.639
14.916
14.778
13.802
13.572
13.518
13.235
13.681
14.880
13.564
13.531
14.260
13.521
14.332
13.596
15.305
13.426
13.393
14.119
14.067
13.484
13.684
14.844
13.539
13.472
14.110
13.624
13.593
13.593
13.471
13.765
13.496
13.582
13.401
13.672
13.997
13.441
13.408
13.453
14.032
15.353
15.342
13.582
13.409
14.726
14.180
13.556
13.360
13.491
13.560
14.744
15.345
14.118
13.696
14.366
14.291
13.646
13.486
13.396
13.654
14.180
17.172
13.650
13.447
13.427
13.586
13.835
14.340
14.780
13.682
14.924
13.465
12.841
13.503
13.635
13.570
14.041
13.320
13.706
13.524
14.647
13.524
13.541
13.698
13.664
13.587
13.639
13.047
13.662
13.650
14.147
14.016
14.018
13.727
14.011
14.109
13.489
13.620
13.690
13.585
14.297
13.762
13.622
13.972
13.548
13.473
14.215
12.857
14.223
13.878
13.686
13.736
13.527
13.624
13.888
13.606
13.306
13.268
13.533
13.566
13.591
13.676
13.749
12.845
16.888
13.766
13.604
14.211
13.405
14.574
13.591
13.975
13.590
14.417
13.848
13.539
14.171
13.582
13.521
13.609
12.778
13.579
13.682
13.984
13.495
14.817
16.377
14.096
14.760
12.708
13.590
13.532
14.732
13.369
13.615
13.475
14.139
14.012
13.369
13.556
15.088
13.440
13.506
13.676
13.474
13.510
14.136
13.555
14.283
13.409
13.744
13.587
14.099
13.584
14.795
13.652
13.532
13.567
13.653
13.448
14.117
16.298
13.792
13.339
14.046
15.469
13.591
13.575
13.476
13.747
15.422
13.489
13.611
13.525
13.495
13.642
14.067
13.579
13.483
13.555
13.464
13.441
13.303
13.351
13.519
13.445
13.615
12.963
13.531
14.382
14.728
13.759
13.415
14.682
13.553
13.414
14.154
13.701
13.533
13.624
13.356
13.658
13.655
13.694
14.713
13.776
14.304
16.147
13.438
14.135
13.354
13.576
13.674
13.800
13.569
13.428
14.826
13.300
13.474
13.757
13.731
13.509
13.462
13.573
13.709
13.578
13.726
13.543
13.505
13.518
13.487
13.276
13.731
13.666
13.582
13.628
14.069
15.021
15.308
13.445
13.748
14.259
14.074
13.646
13.451
13.402
13.606
13.561
13.681
13.989
13.991
13.222
14.710
13.367
13.325
13.461
13.648
13.738
13.597
13.533
13.479
13.655
13.755
13.712
14.987
13.740
13.587
13.507
13.421
13.655
13.384
13.422
13.694
13.452
13.789
14.200
13.707
13.888
13.471
14.109
13.774
13.548
14.759
14.023
13.676
15.297
14.227
13.448
14.107
13.648
13.694
13.441
13.497
13.311
13.614
13.845
13.600
13.458
14.001
13.718
13.658
13.670
14.405
13.535
13.603
14.301
13.573
13.566
13.496
15.997
13.679
13.431
13.620
13.237
13.593
13.449
13.525
13.720
13.602
13.408
13.393
13.817
13.469
13.429
14.317
13.576
13.567
13.632
13.611
12.852
13.399
13.629
13.691
13.503
13.737
13.435
13.664
13.075
13.317
13.761
16.583
13.379
14.119
13.736
13.300
13.761
13.721
13.443
13.569
14.649
13.465
13.764
13.499
13.129
13.378
14.120
14.279
13.472
14.009
13.601
15.430
14.361
13.815
14.101
13.554
13.465
14.119
13.579
13.686
13.476
13.168
13.421
13.683
13.729
13.645
15.497
13.617
13.771
13.486
13.764
13.532
14.093
13.547
13.885
13.740
13.684
13.542
13.460
14.112
13.613
13.700
13.437
14.174
13.480
13.580
13.581
13.717
13.657
14.139
13.531
13.607
13.531
13.545
13.469
13.639
13.697
13.713
16.227
13.371
13.943
14.615
13.439
13.469
13.657
13.496
13.448
13.587
13.504
15.531
13.314
13.588
13.681
13.681
13.779
14.397
13.396
13.234
13.564
13.674
14.098
13.651
13.602
13.601
14.188
13.605
13.526
13.521
13.434
14.841
13.632
13.794
12.979
13.565
13.761
13.461
13.700
13.805
