latency
61.563
13.814
14.174
15.697
15.139
13.755
13.515
13.479
13.701
12.570
13.038
12.874
13.531
13.992
13.160
13.346
13.108
14.094
14.259
16.211
13.789
13.571
13.132
13.844
13.697
14.160
13.414
12.858
13.740
14.379
13.472
13.388
13.196
13.932
12.758
13.806
13.609
12.925
13.525
13.908
13.070
13.308
12.748
13.816
14.936
12.944
13.473
13.047
13.473
12.958
13.729
12.828
13.566
13.063
12.812
13.046
13.504
13.427
13.744
13.667
14.011
12.951
13.345
15.122
13.565
13.518
12.861
14.015
14.438
13.354
13.933
13.053
13.443
13.118
13.559
13.112
13.722
13.893
13.017
13.919
12.957
13.065
13.716
13.238
13.096
12.701
12.631
14.182
13.521
14.983
13.344
13.446
13.826
13.672
14.116
13.315
13.721
14.320
12.998
13.363
13.479
13.480
13.136
13.715
13.628
13.754
12.911
14.203
12.944
12.644
14.239
13.401
13.672
13.672
13.290
13.135
13.346
13.716
13.664
13.890
13.023
13.033
14.319
13.476
13.464
13.461
13.662
13.221
13.062
13.602
13.516
13.995
13.920
14.105
13.257
13.197
13.346
12.832
13.755
13.494
13.961
13.540
13.181
20.654
14.067
14.893
13.990
13.273
14.194
13.527
13.234
13.077
13.098
13.114
13.164
13.891
15.221
13.327
14.644
13.129
13.887
13.036
13.058
13.906
14.190
14.057
12.962
13.061
14.364
14.007
14.829
13.768
14.113
21.433
13.625
14.570
13.540
13.554
13.381
14.431
13.024
14.720
13.188
13.434
12.854
14.659
13.746
13.544
12.987
14.934
13.393
13.174
13.350
13.481
14.337
13.165
14.101
12.822
13.753
14.857
13.180
13.134
13.612
15.584
13.105
13.896
13.627
13.793
13.565
13.885
13.727
13.137
13.936
13.669
13.256
14.189
13.588
12.878
13.489
13.953
14.123
13.442
13.734
13.611
12.727
13.493
13.548
13.718
13.337
13.424
13.439
13.295
14.651
13.527
13.556
13.149
12.964
17.613
14.839
14.093
14.423
13.558
13.687
13.968
13.559
13.819
13.467
13.689
12.839
13.621
13.150
13.551
13.844
12.914
13.401
13.359
14.125
13.056
13.208
13.648
14.211
12.734
13.594
13.465
12.997
13.828
15.488
13.071
12.908
13.333
13.088
13.808
13.227
12.723
13.448
13.515
12.929
13.539
14.029
13.847
13.713
13.785
13.873
14.846
13.614
14.507
13.707
13.645
14.125
13.433
13.365
14.479
14.088
13.054
13.644
12.758
13.587
13.147
13.553
13.997
13.475
13.462
13.467
12.824
13.768
13.981
12.503
13.085
14.640
13.023
14.183
13.086
13.872
13.325
13.331
13.583
20.558
12.748
13.739
13.886
12.892
12.685
13.160
13.432
14.953
13.242
14.171
13.783
12.964
13.480
14.115
14.934
12.855
14.818
13.496
13.157
14.510
13.260
14.799
13.031
12.849
14.396
12.857
12.666
12.692
13.394
13.265
13.078
14.800
13.787
13.695
12.864
12.792
13.552
13.355
12.870
13.040
13.400
14.189
18.164
14.243
13.912
13.065
13.253
14.222
12.858
13.490
13.522
13.639
14.154
13.639
13.355
13.013
13.256
17.315
13.802
12.917
14.331
13.696
13.928
14.789
13.468
12.728
12.768
13.542
13.766
13.243
13.645
13.581
13.418
13.538
13.138
13.428
13.261
14.102
13.299
17.431
14.033
13.048
12.911
14.246
12.931
13.450
13.526
13.070
12.563
13.007
12.982
13.613
13.723
13.523
13.431
12.854
13.634
12.568
13.280
13.606
13.580
14.406
13.017
14.191
14.337
13.074
12.886
14.005
14.247
12.722
13.170
13.789
13.507
17.224
17.242
12.964
15.112
14.665
13.624
13.688
13.518
14.628
13.123
14.288
13.205
12.983
13.607
13.780
12.813
14.680
13.768
14.147
13.231
13.995
13.453
14.979
13.442
13.015
13.904
12.956
13.063
13.241
13.476
18.040
13.816
12.981
14.407
13.149
13.389
12.973
13.529
13.526
13.499
13.439
13.220
13.397
13.521
13.467
14.731
13.479
13.015
12.789
17.483
13.375
13.434
14.840
13.716
14.115
13.039
13.438
13.583
13.123
12.885
12.947
13.078
12.974
13.120
12.965
12.854
12.891
12.791
14.367
13.393
12.722
14.571
13.329
13.271
13.468
13.562
15.835
13.292
12.964
12.772
16.397
14.902
13.167
14.420
12.482
12.831
14.741
13.418
13.718
13.553
14.025
12.732
14.587
12.939
12.797
13.202
12.996
12.845
13.468
14.264
13.005
12.757
13.306
15.378
13.455
13.734
13.593
12.671
13.125
12.978
14.489
13.782
13.523
13.104
12.674
13.448
13.374
13.094
13.701
16.637
12.868
13.221
15.250
12.810
13.397
13.290
12.946
13.317
13.729
12.847
13.164
13.535
12.916
14.179
15.381
14.483
13.280
13.502
12.686
12.838
13.420
13.198
13.780
12.707
12.659
13.123
13.974
12.659
13.778
12.918
13.613
12.943
13.355
13.662
14.090
13.086
13.624
13.180
13.713
13.072
12.717
12.951
13.515
13.416
13.617
13.380
17.475
13.027
13.657
13.931
13.829
13.770
13.593
13.613
12.873
13.646
16.621
13.474
13.873
15.216
14.375
13.138
13.508
12.925
13.837
14.253
13.163
14.682
13.464
13.514
13.036
13.242
17.222
13.394
12.688
14.476
13.034
13.165
13.659
13.383
13.745
13.629
13.106
13.407
14.110
14.317
13.955
13.065
13.077
12.611
16.058
12.880
13.366
13.754
13.503
13.375
17.597
13.431
15.191
14.652
13.840
13.439
14.057
13.789
13.661
16.777
13.014
13.785
13.067
12.859
13.845
13.014
14.081
12.886
13.919
14.144
13.105
13.366
13.998
13.555
13.043
13.115
13.307
13.446
12.998
12.699
12.988
13.590
13.769
12.925
12.795
13.794
12.740
12.988
14.689
13.322
13.440
14.273
14.331
13.593
13.923
15.504
13.166
14.046
12.592
14.758
13.294
13.139
13.265
13.510
12.960
13.065
12.861
12.713
13.618
12.861
13.362
13.704
14.891
13.444
13.547
12.991
12.823
13.962
13.607
14.706
12.762
13.099
14.234
13.541
12.743
13.975
13.203
13.655
13.010
13.085
13.353
17.692
13.316
14.179
13.359
13.407
13.542
14.725
12.895
13.514
13.396
13.377
13.484
14.037
14.667
13.360
13.595
17.335
13.159
13.924
14.675
12.562
12.566
12.991
13.373
13.910
12.724
14.221
16.696
12.600
12.884
14.726
12.906
14.633
13.135
13.268
13.354
13.281
14.160
12.861
13.554
13.409
13.119
13.010
14.024
12.755
14.339
12.309
14.068
13.479
13.701
12.881
13.574
14.452
13.235
13.347
13.789
12.624
13.304
15.434
13.016
13.970
14.309
13.460
13.660
13.216
13.314
17.160
13.045
13.380
12.779
13.592
14.560
12.968
13.058
13.279
13.028
20.775
13.190
13.293
14.049
14.448
12.644
13.910
13.037
12.956
12.779
13.144
12.845
14.594
12.915
13.734
13.461
13.023
13.783
14.167
13.641
13.521
13.386
13.151
13.384
13.660
13.748
12.225
13.539
13.273
13.592
14.088
14.018
13.731
13.750
13.285
12.850
13.410
14.007
13.344
13.482
13.593
15.421
14.283
13.335
12.869
13.576
12.980
13.519
13.599
16.012
14.314
12.902
14.723
13.018
13.330
18.059
12.847
12.967
13.758
12.789
12.737
13.153
13.462
14.316
14.916
13.526
14.044
13.526
13.742
12.789
13.365
13.551
13.097
14.217
12.741
15.263
13.060
14.097
12.678
14.072
14.541
13.614
13.685
13.036
14.603
13.951
13.438
13.679
13.552
14.244
13.438
12.890
13.757
12.852
13.551
13.665
13.732
14.011
13.706
13.095
13.252
13.546
12.939
13.589
13.204
13.653
12.830
13.599
17.433
13.039
12.964
16.037
13.505
13.084
12.880
13.253
13.517
13.591
13.630
13.259
13.710
14.411
13.795
12.970
13.127
13.530
14.065
13.553
13.339
14.047
13.602
13.866
13.908
13.582
12.988
16.668
13.542
13.561
13.434
12.930
13.623
14.094
12.957
13.569
13.566
13.643
17.400
13.237
13.082
13.606
12.901
14.675
13.206
13.341
12.906
13.057
13.542
13.084
12.892
13.594
12.844
12.962
14.006
12.988
13.307
13.374
12.780
13.655
13.601
13.759
13.284
13.141
13.857
12.871
13.464
13.692
14.778
13.090
13.001
13.250
13.350
16.783
13.845
12.884
12.953
13.420
13.213
14.995
13.127
13.608
14.235
13.342
12.923
15.980
13.309
13.186
13.902
13.327
12.873
14.448
13.590
13.138
14.878
13.598
14.209
13.418
13.646
12.952
13.695
12.962
13.006
13.676
13.343
14.850
13.633
13.224
14.152
14.313
13.084
13.004
13.428
13.058
13.408
13.734
12.822
13.120
14.113
12.794
13.433
13.834
13.443
13.186
14.375
12.872
18.568
12.874
17.539
14.352
12.653
13.616
13.210
13.175
13.776
14.976
13.334
12.609
14.364
13.557
14.356
13.864
13.673
13.752
13.694
12.861
13.850
14.342
14.281
13.828
13.596
13.779
13.706
12.960
13.720
14.131
12.945
13.732
13.583
13.531
13.564
13.395
14.223
13.106
13.403
12.849
13.374
13.577
13.525
13.327
12.738
12.900
13.709
13.540
14.322
13.794
12.510
13.748
13.591
12.983
13.309
13.143
13.421
13.829
14.305
13.881
13.485
13.446
13.405
12.770
13.543
13.599
13.737
12.837
13.829
14.286
12.296
17.791
14.167
13.245
13.083
14.141
13.039
14.239
12.729
13.543
12.906
13.416
13.644
13.995
12.774
13.146
13.574
13.765
12.997
13.676
14.500
13.468
13.005
13.316
13.028
13.046
13.435
12.830
13.304
13.124
15.061
12.777
13.686
12.905
13.534
13.116
15.054
13.114
13.711
13.132
13.601
13.177
12.859
14.160
13.260
13.952
14.989
14.582
13.359
14.658
13.676
14.129
12.916
13.077
13.627
13.504
13.170
13.209
13.432
13.439
13.263
13.260
12.755
12.769
13.067
14.077
13.397
12.563
12.847
13.560
14.197
13.061
12.940
13.302
13.092
14.155
12.945
13.486
12.974
13.587
14.675
12.829
12.951
14.610
13.082
14.800
13.123
14.929
12.990
13.541
13.380
13.885
12.883
16.692
13.622
13.572
13.483
13.422
13.803
13.005
13.733
13.561
13.046
14.987
13.860
14.830
13.023
12.667
12.900
13.728
13.220
13.100
13.561
14.594
12.469
13.594
12.832
12.892
13.668
12.893
12.605
14.451
13.050
14.295
14.799
13.364
12.778
14.254
12.940
13.994
13.828
13.114
13.253
12.829
12.732
12.914
13.286
14.139
16.092
13.015
14.532
12.888
12.974
15.043
13.089
13.203
13.522
13.065
14.207
13.451
13.672
13.701
13.500
13.571
14.046
12.651
15.240
13.311
13.086
13.571
13.203
13.621
14.847
13.261
13.501
12.933
14.359
15.385
13.447
13.745
13.153
13.347
12.998
13.818
12.903
12.364
12.795
12.743
13.626
12.541
15.719
13.741
12.719
12.933
13.162
14.115
13.426
13.415
13.137
14.306
13.405
13.148
12.647
13.297
13.329
12.832
14.662
13.693
13.785
14.737
13.222
13.692
14.187
13.902
13.180
13.161
13.487
12.764
13.296
13.920
14.354
13.357
13.517
13.252
12.758
13.381
14.019
12.881
13.309
13.591
13.602
14.366
13.134
14.369
19.809
13.172
13.612
12.851
13.444
12.859
18.891
13.265
12.682
12.981
17.306
12.981
13.149
13.217
12.885
12.830
13.182
14.257
12.634
13.706
13.334
13.794
13.473
12.895
13.892
17.809
13.075
12.883
13.600
13.649
12.922
13.076
14.249
13.936
13.502
12.921
14.085
12.753
13.036
12.654
13.088
13.368
13.500
13.703
13.660
13.035
12.988
14.098
12.689
12.937
13.614
13.161
14.786
12.839
12.892
13.120
13.490
12.947
12.868
13.314
13.510
15.323
12.984
13.151
13.004
13.346
13.319
14.391
12.360
14.075
12.831
14.619
12.782
13.222
13.655
14.344
14.290
13.055
13.455
14.057
13.163
13.339
13.230
13.892
13.149
14.044
12.826
13.374
12.711
13.005
13.010
13.063
13.312
13.267
13.393
14.065
12.880
13.692
12.989
14.840
12.915
12.954
12.843
13.099
13.510
12.957
13.176
13.306
14.196
13.321
12.647
12.712
12.804
16.210
14.846
13.027
12.809
13.648
13.173
14.357
13.888
12.714
13.098
12.911
13.015
13.236
13.015
14.734
14.134
14.201
14.082
13.631
13.148
14.023
14.147
12.776
13.596
14.113
13.232
13.283
13.586
13.808
14.057
13.448
13.089
13.571
13.087
14.399
13.774
15.078
12.513
14.294
14.968
13.524
13.256
13.535
13.611
13.935
14.165
13.422
13.735
12.811
12.943
13.350
15.055
16.820
14.044
13.968
13.370
13.642
13.486
13.787
13.157
13.048
13.479
14.086
12.408
14.006
13.078
13.160
14.114
13.496
12.841
13.586
12.803
12.827
13.986
12.711
12.866
13.305
13.469
13.458
12.935
12.848
12.832
13.119
13.088
13.639
12.837
14.686
14.871
13.059
13.159
12.757
12.995
13.834
12.947
13.051
12.812
15.136
13.420
13.181
12.833
13.690
13.754
12.892
13.614
13.184
13.591
12.686
13.156
12.894
12.889
13.046
12.964
12.961
13.054
12.761
14.235
13.752
13.089
13.567
13.218
13.687
13.728
13.831
12.859
12.973
13.283
12.844
14.011
12.946
12.933
13.205
12.765
12.895
13.265
13.647
13.052
14.167
13.401
13.587
12.958
13.967
12.818
14.696
13.125
13.511
12.774
13.557
13.280
13.349
13.139
13.422
13.501
12.912
13.409
13.603
13.474
14.773
14.952
13.077
12.722
13.518
12.737
12.830
15.978
13.605
13.979
13.114
14.906
12.773
13.728
13.182
14.456
13.459
12.615
12.826
13.526
13.173
13.491
13.505
13.542
14.355
12.936
14.011
12.696
13.668
13.519
13.801
14.737
13.098
12.927
14.825
13.171
13.576
13.697
13.108
13.041
14.103
14.099
14.859
14.170
13.356
13.963
14.790
12.904
13.443
14.311
13.418
13.809
13.603
13.595
14.181
13.589
14.015
13.391
13.381
13.378
13.577
13.704
14.165
13.955
13.505
13.869
13.549
13.688
13.083
14.908
13.467
14.671
13.547
14.074
13.277
14.237
13.802
13.336
13.442
13.636
13.088
12.924
12.471
13.055
12.830
13.535
13.373
15.732
12.428
12.969
13.205
13.984
12.906
14.130
13.026
12.906
14.480
13.139
13.380
13.297
12.688
12.629
12.987
12.936
14.238
13.544
12.752
13.340
13.974
12.366
13.090
13.341
16.680
13.360
12.713
13.588
13.016
13.865
12.684
13.461
12.783
13.397
14.054
13.402
12.969
12.911
12.921
15.490
13.345
13.242
12.662
12.808
13.348
14.833
13.236
13.273
14.294
13.241
12.857
13.428
13.953
12.799
13.094
12.785
13.888
14.796
13.603
13.572
12.678
13.941
13.148
14.855
12.622
13.446
15.022
14.314
14.586
13.293
12.338
13.582
13.389
13.644
12.880
12.924
12.675
13.549
13.546
12.932
14.614
13.749
12.695
13.934
16.781
13.105
12.933
12.866
13.555
13.501
12.852
13.304
13.033
13.949
13.116
13.008
13.029
13.591
12.751
13.383
16.996
13.499
18.995
13.318
12.934
14.881
13.090
12.669
13.272
13.067
12.855
13.753
13.865
14.266
12.948
16.170
12.822
13.964
13.022
14.228
12.782
15.096
15.108
13.478
13.207
12.882
13.571
14.020
14.320
14.790
13.953
13.279
13.452
13.603
13.513
13.628
14.181
12.693
13.752
13.785
14.069
13.712
12.669
13.218
13.322
13.393
13.564
20.375
12.986
12.749
13.799
14.256
13.490
13.023
13.133
13.767
13.594
13.680
13.336
13.606
12.866
13.725
13.515
13.509
13.435
13.398
13.763
14.166
13.541
14.094
12.907
12.967
17.052
13.658
13.830
13.141
13.362
13.005
14.675
14.304
13.446
17.156
13.700
14.062
13.723
13.305
13.104
13.838
12.741
12.779
13.573
13.933
13.206
13.540
12.717
13.205
13.163
13.748
13.610
14.542
13.263
13.215
13.278
12.825
12.742
13.697
13.552
12.840
12.943
13.838
16.664
13.065
12.779
13.225
13.927
13.146
13.038
13.957
14.012
12.709
14.506
14.333
14.372
13.774
12.967
12.934
13.202
13.308
13.631
13.785
13.459
12.768
14.936
14.006
14.606
15.359
13.368
14.096
13.252
12.533
13.747
13.998
13.178
13.478
13.106
13.534
12.701
13.572
12.969
14.344
13.016
12.785
12.781
14.128
12.841
14.469
13.666
14.053
13.669
12.586
13.260
12.689
14.374
12.734
14.212
12.723
13.542
13.282
12.888
13.335
13.120
13.504
13.358
12.809
13.429
13.241
14.278
13.149
13.775
14.049
14.102
13.614
13.781
14.029
13.626
13.139
13.500
12.850
13.447
13.851
12.816
13.289
13.084
13.481
13.263
12.366
14.762
13.356
12.923
13.631
12.871
13.713
14.256
12.846
13.750
12.966
12.985
12.848
13.042
13.850
13.462
13.377
16.568
13.369
13.863
12.806
12.979
12.933
12.790
12.867
14.244
12.399
13.636
14.269
13.254
13.426
13.268
17.326
14.046
14.725
13.716
13.760
13.930
15.487
13.052
13.584
14.014
13.789
12.819
14.030
14.141
12.899
13.464
12.959
12.881
13.430
13.530
13.781
13.317
15.074
13.016
14.123
13.223
18.504
12.566
13.059
13.948
14.531
13.088
14.990
13.706
13.064
13.128
13.567
13.519
13.184
13.039
13.383
13.237
14.395
13.070
13.562
14.929
13.603
13.238
13.703
13.665
14.097
13.036
13.027
13.591
13.433
15.093
13.261
12.799
14.061
13.508
12.824
13.207
13.329
14.104
13.587
12.926
13.530
13.924
12.760
13.226
13.547
13.301
12.866
13.121
12.998
12.916
12.803
12.816
13.144
13.657
13.046
13.551
12.797
12.891
14.233
13.595
13.250
12.868
13.613
12.689
12.729
13.119
13.434
13.551
13.046
12.834
13.468
13.628
13.376
13.794
13.101
12.945
14.819
12.896
13.550
14.103
13.036
14.289
13.312
13.164
13.063
12.813
13.853
13.461
12.973
13.767
13.261
14.853
14.782
13.431
13.172
13.373
13.432
13.363
13.218
13.500
13.067
12.857
13.521
13.235
14.000
14.966
14.178
13.668
13.603
14.488
13.063
12.799
13.510
13.207
13.586
12.878
13.705
15.033
12.909
13.480
12.779
13.219
13.753
13.473
13.468
14.800
12.935
14.293
13.066
13.521
13.170
12.840
12.661
12.975
14.211
12.577
13.516
12.528
13.500
13.331
13.359
12.861
13.599
13.076
13.513
12.775
13.439
13.578
13.652
13.700
12.954
13.573
13.516
13.658
13.763
14.061
12.880
15.050
13.886
13.143
13.096
13.007
14.615
14.105
13.178
14.747
12.815
13.068
13.490
14.153
13.556
12.753
13.407
14.714
13.391
13.270
12.805
13.825
12.966
13.789
15.224
13.101
14.293
14.129
13.632
13.621
13.835
14.089
13.641
13.713
13.598
14.366
13.712
13.180
12.870
12.902
12.632
13.155
12.934
14.148
13.689
12.765
13.834
12.624
14.323
13.443
12.937
13.000
14.138
16.314
12.675
13.052
12.843
13.046
12.895
14.255
13.745
14.029
15.070
13.690
13.484
13.083
12.957
13.003
13.132
14.392
12.915
12.834
13.366
13.492
13.505
14.025
14.372
13.545
12.949
13.709
14.257
12.880
13.011
13.417
14.857
13.885
14.952
13.529
18.068
13.806
13.977
13.359
13.016
14.100
12.789
12.560
13.505
13.692
13.464
12.854
13.201
12.908
13.659
13.139
13.119
15.748
13.084
13.444
13.467
14.707
13.000
12.673
13.690
15.675
12.894
24.118
13.183
12.713
12.937
17.685
13.500
13.778
13.145
15.261
13.619
13.123
12.840
13.293
14.744
12.855
12.836
13.469
13.711
12.922
14.283
14.853
13.596
13.724
13.246
12.886
13.501
13.510
12.673
12.655
13.838
13.025
12.887
13.248
13.171
13.946
13.473
13.357
13.238
12.851
13.940
13.466
12.942
13.431
14.141
12.839
12.885
13.488
13.428
13.639
12.888
13.449
13.170
12.852
12.966
13.052
13.387
14.173
13.648
13.123
13.282
13.014
13.513
13.055
13.345
12.939
13.540
14.144
12.859
13.489
13.152
12.746
13.923
13.264
13.590
13.412
13.705
13.448
13.191
14.334
13.828
13.200
13.696
12.943
12.761
17.476
13.444
13.159
13.369
12.865
12.851
13.206
13.402
13.792
13.308
13.656
15.108
13.755
14.487
13.600
13.226
12.931
12.792
12.844
12.788
13.428
13.017
13.552
12.823
12.605
13.289
13.572
12.981
13.487
13.509
12.985
15.404
12.809
13.024
12.749
13.534
12.407
14.444
14.222
12.691
13.582
13.112
12.973
13.724
15.287
13.664
12.945
13.179
13.577
15.446
13.325
13.752
16.288
12.934
13.719
14.229
14.765
13.876
13.091
13.325
13.646
13.040
13.440
13.600
13.552
12.954
13.539
12.809
13.237
12.934
13.046
13.119
12.865
13.201
13.634
13.697
13.822
14.680
13.830
12.847
13.112
13.861
18.537
13.843
12.939
12.855
15.043
13.074
13.944
15.040
13.284
13.243
13.080
14.699
13.314
15.318
13.478
13.341
14.070
13.758
13.209
12.539
13.479
15.493
13.208
13.115
13.627
15.345
13.146
12.709
12.567
13.543
13.526
13.505
13.799
13.092
13.576
12.716
13.001
13.738
13.429
12.795
13.573
12.744
12.721
12.749
14.107
13.108
13.545
13.775
13.218
12.911
14.560
13.781
14.352
12.792
13.562
12.781
14.760
12.633
13.249
13.391
13.591
13.367
13.388
13.659
13.678
12.807
13.811
13.175
13.789
13.420
13.965
13.469
12.744
12.886
13.148
14.307
13.723
13.396
13.474
13.984
13.247
13.021
13.743
12.673
13.312
14.634
13.468
12.982
12.990
13.120
14.813
12.923
13.029
13.791
12.758
14.062
13.397
12.606
13.538
13.624
12.993
12.986
13.383
12.918
12.771
13.108
12.553
12.770
13.561
13.324
13.105
13.728
12.762
15.256
15.716
13.758
12.459
13.936
13.707
13.676
13.468
13.606
13.438
12.831
13.677
12.917
13.010
13.224
13.377
13.605
12.887
12.759
12.792
13.056
13.599
12.712
13.265
12.872
13.013
13.709
13.864
14.662
13.720
12.841
13.191
16.356
12.988
12.910
13.372
12.898
13.013
12.930
13.486
13.523
12.885
16.697
14.187
12.908
12.831
13.347
15.110
13.122
13.531
12.827
12.932
14.242
12.768
12.925
12.861
13.919
14.093
12.974
13.951
12.971
15.286
13.536
12.687
12.710
13.366
13.592
13.584
14.254
14.081
13.557
13.288
13.370
13.541
13.754
14.379
14.562
13.582
13.610
12.415
13.397
13.499
12.823
13.484
13.542
13.139
12.524
13.181
13.251
12.529
14.252
13.498
13.343
13.832
13.397
12.937
13.623
12.905
14.316
13.392
13.922
14.927
13.124
13.423
14.810
17.546
13.452
12.703
13.214
13.575
13.230
13.009
13.546
13.534
13.666
14.060
13.640
13.592
12.920
13.793
12.897
12.838
13.637
13.054
12.943
12.823
12.541
12.819
13.411
12.901
13.654
15.619
13.539
15.143
13.110
13.867
13.529
12.822
12.596
13.588
12.959
12.896
12.775
13.581
14.008
13.149
13.637
15.005
14.211
13.056
14.871
13.651
12.881
12.880
13.203
13.662
15.400
13.884
13.784
13.345
13.601
15.375
13.059
13.493
12.675
14.496
13.281
12.956
13.528
12.996
13.278
12.879
13.796
13.585
13.583
12.871
12.916
13.143
13.339
13.830
13.513
12.777
15.737
12.964
13.039
13.721
12.902
12.789
14.083
13.232
13.496
13.066
13.050
13.161
12.904
14.851
13.977
12.562
13.079
12.919
14.187
13.201
13.426
12.717
13.751
12.807
14.007
14.175
13.587
12.663
13.681
13.041
13.205
13.552
13.109
12.946
12.835
13.506
13.050
12.986
13.686
13.484
13.435
12.799
12.805
13.475
13.390
17.634
12.881
13.703
12.977
13.725
13.722
13.228
12.765
12.756
13.176
13.513
13.534
13.584
13.123
13.273
13.640
13.170
13.937
13.307
15.025
12.835
13.648
13.117
13.525
13.608
13.877
13.372
13.099
12.932
13.765
13.094
14.631
13.847
13.483
12.866
13.613
14.388
13.085
12.930
12.906
13.637
15.530
13.469
12.779
14.241
13.962
13.519
13.370
13.700
13.570
13.488
12.643
13.081
13.747
13.197
13.353
13.917
12.837
13.676
13.847
13.892
14.317
12.848
12.619
12.984
12.295
13.193
13.500
12.866
12.899
13.024
14.106
13.251
13.662
15.758
13.542
13.488
15.800
13.958
12.933
13.551
13.609
14.697
13.399
12.641
15.346
13.328
13.488
13.648
13.402
13.889
15.651
13.180
12.851
13.323
14.267
13.113
13.309
12.705
12.818
13.998
13.000
12.967
13.009
13.778
15.191
13.806
13.303
12.956
13.628
13.242
13.630
13.138
13.571
13.554
13.568
13.495
13.598
13.073
13.964
13.015
18.146
15.049
12.830
14.619
13.231
13.182
13.501
13.686
13.348
12.935
12.890
14.303
12.780
13.246
13.452
13.640
12.709
15.525
14.059
13.411
13.449
14.073
12.953
13.568
13.959
13.974
14.148
14.005
15.416
13.893
13.316
13.234
13.284
13.177
13.120
13.007
13.243
13.297
12.978
13.822
12.818
13.823
12.650
12.837
13.119
13.292
13.048
18.669
13.701
13.742
13.488
13.339
13.073
13.119
13.033
14.064
13.409
12.799
13.167
13.540
12.900
12.909
13.026
13.031
14.091
14.114
12.954
13.772
12.797
14.146
12.755
13.151
14.199
13.010
13.697
13.245
13.643
12.896
13.749
12.950
13.388
13.568
13.869
13.344
12.909
13.586
13.213
13.509
13.016
12.995
12.907
12.971
12.902
13.423
12.754
13.143
13.506
14.203
12.715
13.172
13.029
15.951
14.778
12.706
14.945
14.717
13.338
12.777
13.582
12.955
13.637
12.861
13.442
12.848
13.423
13.546
12.396
13.484
13.077
12.983
14.077
13.514
12.873
13.758
12.961
13.941
12.917
14.661
14.253
12.951
13.407
13.298
13.145
14.047
12.950
13.102
13.371
13.397
13.711
12.759
12.988
14.766
14.253
12.851
13.377
12.982
13.004
14.247
12.954
13.863
13.224
14.216
12.983
12.912
13.454
12.969
12.382
13.487
15.097
13.551
13.125
13.919
13.096
13.060
14.595
13.427
13.513
13.504
13.504
13.076
13.124
12.721
13.406
13.354
14.351
13.762
13.224
13.565
13.479
13.178
13.115
13.638
12.933
13.678
13.545
13.162
13.284
13.649
15.402
13.980
15.009
13.417
12.964
13.955
12.881
13.423
14.768
13.520
12.869
13.852
12.969
13.638
12.979
13.413
12.942
14.917
13.742
12.830
13.711
13.397
14.067
14.024
12.861
12.529
13.077
13.593
13.448
13.474
13.686
13.602
13.557
13.554
13.099
13.062
13.643
14.277
13.505
12.923
12.900
13.044
12.764
13.202
13.284
14.111
12.995
13.257
14.032
15.499
14.033
13.976
13.040
13.583
16.473
12.890
13.051
13.045
14.186
12.988
13.005
13.299
13.291
13.575
13.375
14.867
15.304
14.781
13.614
13.575
14.882
13.644
13.064
13.563
12.905
13.910
13.827
12.763
13.552
13.403
13.803
13.655
13.577
13.940
13.594
12.951
13.487
13.209
13.169
13.660
13.672
12.882
13.553
13.688
13.779
13.545
13.465
15.170
13.563
13.243
13.912
12.758
13.151
14.796
12.816
13.512
13.449
12.812
13.648
13.098
15.272
16.322
14.043
13.825
12.914
14.589
12.992
13.791
13.624
13.504
14.505
14.228
13.533
13.921
13.612
13.022
13.514
13.576
12.851
13.442
13.017
13.505
13.521
14.616
13.054
13.147
12.994
13.454
12.865
13.245
13.617
13.609
13.323
13.209
13.339
14.129
15.335
12.867
13.541
12.782
13.549
12.665
13.630
13.301
12.809
12.952
13.596
13.107
12.830
12.536
13.653
12.851
12.945
14.646
13.506
14.610
13.016
12.630
13.495
13.415
13.332
13.393
13.485
12.935
13.623
12.948
13.502
13.175
12.677
12.823
12.636
12.974
12.939
13.260
13.613
15.198
13.331
13.357
12.786
13.537
12.977
14.159
13.446
13.673
13.511
13.721
13.724
14.683
12.908
13.432
14.051
13.802
13.761
13.166
13.023
13.698
13.399
13.448
13.128
12.660
13.521
13.453
13.531
13.074
13.511
15.038
13.455
13.956
13.136
13.537
13.065
13.036
12.825
14.779
12.882
12.908
14.036
15.091
13.469
13.677
13.457
13.226
13.498
12.744
13.033
14.181
15.079
13.330
13.828
14.858
12.786
13.123
13.760
18.004
16.622
12.922
12.724
12.852
14.469
12.293
13.758
12.842
13.529
13.692
13.092
12.968
13.484
13.366
13.134
13.164
12.933
12.657
13.480
15.301
13.457
13.269
12.876
13.133
14.273
13.163
13.228
13.675
14.248
13.202
12.716
12.976
12.776
12.828
13.608
13.372
13.073
13.499
13.002
13.634
14.116
13.225
13.839
12.949
13.407
14.528
13.809
12.729
14.791
13.500
13.909
13.688
12.668
14.181
13.139
12.992
12.918
13.378
13.687
13.108
13.714
13.491
12.922
13.293
14.875
13.993
14.021
12.676
13.492
13.560
13.171
14.222
13.152
12.791
12.572
13.815
13.738
13.281
12.987
15.537
12.887
14.747
14.456
13.432
13.072
13.348
13.585
13.275
14.494
12.950
12.902
13.324
12.453
13.529
13.819
13.003
13.255
13.344
13.514
12.737
16.079
12.415
13.018
12.849
12.785
13.706
13.294
13.562
12.781
14.329
13.415
12.978
12.809
12.726
12.808
12.636
13.903
13.155
13.387
13.448
13.388
13.660
12.715
12.904
12.952
12.163
13.305
14.129
13.314
13.253
13.675
13.434
13.136
13.457
13.167
12.973
12.889
13.341
13.552
12.662
12.845
12.859
14.480
13.923
13.593
12.857
13.526
13.592
13.634
13.313
13.560
12.825
13.444
12.801
12.587
12.984
14.252
13.204
14.061
13.059
13.017
12.521
13.440
13.422
13.553
13.564
12.759
13.068
13.323
13.989
12.779
13.482
12.887
12.832
13.452
13.428
13.834
13.720
12.716
13.106
14.871
13.281
12.977
12.665
12.873
13.077
13.125
13.519
12.645
13.212
13.397
13.394
14.448
13.275
14.103
13.440
12.968
13.177
13.546
13.035
12.898
13.895
12.921
13.514
13.817
13.523
12.777
13.382
12.976
13.355
13.560
14.892
14.161
12.854
12.771
13.735
12.562
14.057
12.766
13.145
13.143
13.438
13.467
13.630
13.424
12.778
13.514
13.110
13.301
13.372
13.418
13.393
13.093
12.834
12.959
13.721
13.372
12.861
13.097
13.679
13.315
12.921
13.242
13.003
13.478
13.647
12.909
12.843
13.648
13.513
12.886
13.460
13.142
13.354
12.917
12.911
12.949
12.708
13.972
13.853
12.891
12.881
13.486
14.140
12.984
15.447
13.565
13.413
12.858
13.820
14.088
13.432
13.640
13.341
13.928
13.754
13.715
12.809
13.087
13.873
13.357
13.572
12.953
13.457
13.805
13.711
13.044
12.996
13.776
13.843
13.466
13.024
15.236
13.584
12.868
12.861
13.505
12.960
12.974
12.411
13.314
13.124
12.843
12.842
14.635
13.973
13.213
13.615
12.946
13.230
13.426
13.454
12.705
13.583
12.448
13.143
13.497
12.737
13.470
12.871
12.939
13.053
12.960
12.877
13.214
13.464
13.711
13.374
13.654
13.173
12.858
12.816
12.971
13.056
14.957
13.521
13.105
13.207
12.731
12.996
13.776
13.479
12.999
15.572
14.144
13.042
13.108
12.911
14.383
12.925
15.696
14.161
13.799
15.026
13.108
12.783
14.623
13.582
12.954
13.533
13.061
12.699
14.938
13.644
12.831
13.459
13.622
13.161
13.455
14.726
13.634
14.056
12.788
13.224
13.232
12.552
13.326
12.922
13.435
13.687
12.793
13.533
13.254
12.790
13.127
12.356
15.090
13.665
13.554
12.937
13.102
13.444
12.811
12.808
13.303
13.581
12.798
13.787
12.830
14.620
13.270
13.448
13.586
12.638
14.003
13.681
13.364
13.599
13.998
12.700
13.384
14.937
15.265
13.678
13.436
12.803
14.463
13.761
13.767
13.956
13.789
15.423
13.881
12.910
13.484
12.940
12.972
17.385
13.421
13.604
13.299
13.685
13.138
13.161
13.089
14.128
12.750
13.318
13.071
12.898
14.795
12.830
12.841
13.202
14.397
13.764
13.110
13.407
13.991
13.109
13.718
13.360
14.541
14.170
13.056
13.583
12.773
13.361
13.425
13.665
14.019
13.164
13.014
14.120
13.313
13.245
13.505
13.311
14.159
13.626
14.906
13.008
13.657
13.004
14.290
12.841
13.942
13.160
13.721
13.099
13.577
13.938
15.044
14.923
13.439
13.666
13.247
13.882
13.142
13.049
13.080
12.755
12.897
13.933
13.043
13.833
13.355
13.691
13.664
13.532
12.940
13.508
13.538
12.887
12.781
12.925
13.697
12.869
13.263
12.563
13.708
13.808
13.668
13.466
14.643
13.094
13.895
12.960
13.231
13.577
13.651
14.115
13.624
14.312
13.730
13.186
12.923
13.676
12.846
13.856
16.394
13.078
13.061
13.670
13.729
14.712
13.597
13.144
15.587
13.019
13.898
13.007
13.448
19.896
13.265
13.032
13.306
13.429
13.588
13.103
15.262
14.873
13.798
16.178
12.737
12.862
13.863
13.613
14.719
13.846
12.901
14.415
13.682
13.271
13.679
12.754
13.592
13.252
13.386
15.150
14.339
12.914
13.010
14.730
13.789
12.995
12.767
13.829
13.570
15.114
14.693
14.911
14.273
12.892
13.518
13.476
15.005
13.926
13.648
13.337
13.217
14.635
13.611
13.057
13.576
13.244
14.017
12.977
12.886
14.084
12.912
13.698
12.633
15.655
13.650
13.095
13.440
13.725
12.860
13.597
12.861
13.142
13.402
13.690
13.533
13.474
13.954
12.861
12.971
12.902
12.472
12.840
14.336
13.510
12.951
13.145
12.896
12.831
12.968
17.373
12.964
12.963
13.427
12.875
12.509
13.566
13.757
12.831
13.165
12.970
13.634
13.428
12.929
13.409
14.236
13.569
13.755
12.883
12.924
13.238
13.518
12.970
12.963
15.079
12.832
13.579
13.357
13.077
13.889
12.799
13.168
13.620
14.147
13.424
13.739
12.775
12.912
13.436
13.302
13.362
13.831
14.142
13.474
12.857
13.172
13.180
13.235
13.175
13.143
13.014
13.322
12.949
13.042
13.039
13.030
13.823
13.205
16.115
13.345
13.236
13.667
13.386
12.769
12.881
13.852
13.579
13.637
14.830
12.271
13.518
14.679
12.980
12.827
13.060
14.152
13.479
13.439
12.960
13.107
13.881
12.869
13.596
13.074
12.649
12.806
13.685
13.212
13.500
13.361
13.476
12.818
12.844
13.046
13.054
12.826
12.507
12.892
13.796
15.032
12.932
12.804
14.123
13.421
13.552
13.221
13.138
14.053
12.987
14.319
13.600
13.439
12.629
13.459
13.064
13.061
12.852
12.582
14.262
13.311
12.921
12.958
13.749
13.588
12.988
13.511
14.227
13.457
13.192
13.267
13.512
13.532
13.631
13.407
13.227
13.253
12.966
13.147
14.680
13.602
13.676
14.269
12.741
13.294
13.683
13.448
12.665
12.995
14.000
15.252
13.510
13.444
13.516
13.030
12.816
13.160
13.192
15.162
13.250
14.189
13.894
15.240
12.933
12.974
13.309
12.954
12.950
13.511
14.205
13.696
13.017
13.801
13.489
13.009
13.007
13.767
13.709
12.885
13.669
13.628
13.008
13.452
13.598
13.582
13.601
12.820
13.305
13.688
12.740
13.836
13.417
13.128
13.745
14.081
13.574
13.228
12.909
13.572
13.321
13.830
13.422
13.644
13.103
13.050
13.501
13.604
13.779
12.974
16.655
13.882
13.508
13.377
13.450
13.762
12.933
13.720
13.129
12.693
14.000
12.935
13.385
12.881
14.368
12.725
13.030
13.636
12.657
12.988
13.518
12.986
13.800
13.307
13.492
13.435
14.084
12.843
13.131
14.503
13.387
14.239
13.801
12.999
12.966
13.740
12.953
12.909
12.851
13.309
13.794
12.207
12.841
14.624
13.941
12.417
12.942
12.506
13.078
13.766
13.565
13.012
14.595
12.571
14.612
13.490
13.732
12.793
13.247
13.036
12.421
12.875
13.627
13.225
13.665
12.668
12.779
13.554
14.738
13.397
13.734
13.326
14.590
13.135
14.422
12.904
12.912
14.212
12.953
14.770
13.888
13.372
12.756
14.314
13.670
13.718
13.024
12.925
12.825
12.945
12.912
12.993
13.214
13.493
12.774
12.932
13.300
14.315
13.699
12.925
12.964
13.076
13.829
12.923
13.577
13.255
14.905
12.915
13.591
13.499
13.532
12.863
14.707
13.555
14.921
13.601
13.261
13.361
15.243
13.716
12.846
13.384
13.425
13.464
14.888
13.431
13.840
13.879
14.632
14.655
13.284
13.627
13.991
13.678
13.406
13.232
13.040
13.581
13.431
13.694
13.551
15.195
12.969
13.800
13.637
13.415
13.152
12.892
13.521
12.981
13.236
12.950
13.423
14.018
13.434
13.269
13.454
14.089
13.438
13.921
14.894
12.939
14.011
14.540
14.294
12.671
16.180
13.554
13.705
14.990
12.954
13.541
15.511
14.947
13.382
13.605
13.100
13.005
12.636
12.787
13.101
15.428
13.269
13.438
12.983
13.685
13.673
13.497
13.046
12.889
13.089
14.466
13.603
12.943
12.788
14.536
12.917
14.860
15.467
13.665
12.798
12.861
12.757
12.928
12.903
12.899
12.980
13.164
13.328
12.951
13.673
14.031
13.015
15.440
16.298
12.943
13.185
12.740
13.545
13.546
12.771
13.286
12.601
14.191
13.519
14.776
12.873
13.153
13.601
13.968
13.055
13.316
12.856
12.879
13.028
13.643
14.095
12.723
13.633
14.505
13.333
12.880
15.575
13.705
13.961
14.743
13.593
13.477
13.626
13.116
13.551
14.430
14.321
13.618
12.579
13.001
13.731
13.584
13.337
12.653
13.713
14.216
13.679
13.217
13.397
13.372
15.675
13.154
12.850
13.548
13.719
13.796
13.616
13.213
13.736
13.335
13.750
13.450
15.223
12.552
14.050
12.940
13.646
15.325
12.892
12.837
12.978
13.291
12.788
12.765
12.788
13.376
12.706
13.337
13.820
13.127
14.920
12.712
13.147
14.046
13.457
13.236
13.772
12.605
13.681
13.531
13.405
12.997
13.400
13.394
13.135
13.962
14.810
13.386
13.978
13.524
14.606
13.779
13.550
13.199
13.434
12.686
12.877
12.870
12.899
14.097
13.685
13.207
12.895
13.510
13.556
13.098
14.506
14.952
12.991
13.830
13.616
13.045
12.908
13.799
12.839
14.181
12.767
13.735
13.641
12.964
12.943
13.524
13.747
13.729
13.622
14.332
13.316
13.474
14.573
13.906
13.791
14.091
14.088
13.776
13.162
13.224
12.963
13.597
12.950
15.067
12.636
13.839
12.912
13.246
13.303
12.988
12.803
14.036
12.996
17.386
14.294
13.089
13.384
13.090
13.859
13.079
12.789
13.026
13.420
12.592
12.891
14.824
13.648
13.490
13.416
13.378
12.986
13.377
12.717
13.015
13.265
13.644
14.892
12.582
13.511
13.808
13.089
14.250
12.863
12.981
12.686
12.826
13.986
12.978
13.117
13.010
12.770
12.709
12.763
14.491
12.924
12.871
13.757
14.321
12.907
13.531
12.670
15.312
12.752
12.853
13.105
12.899
13.442
13.731
12.981
13.384
12.934
12.594
14.053
13.138
13.680
13.222
12.888
13.053
12.603
12.600
12.996
12.709
13.051
13.359
12.799
12.933
13.581
12.667
12.900
12.811
13.902
13.555
12.976
13.433
12.915
13.397
14.040
12.978
12.910
12.820
12.723
13.557
12.785
12.939
13.029
12.859
13.330
14.644
12.934
13.105
12.938
12.585
13.191
13.461
13.538
13.096
12.462
14.872
13.610
12.818
13.758
12.940
13.023
13.496
13.731
13.336
12.940
14.231
12.692
15.716
14.384
14.177
12.871
13.124
13.316
13.504
13.682
13.113
13.650
14.706
13.168
13.571
13.134
14.764
13.112
12.819
13.010
13.699
13.022
13.422
14.033
12.722
14.025
13.079
12.980
12.830
13.488
13.177
12.931
12.716
12.706
13.540
13.496
13.388
13.270
12.704
13.203
12.932
13.378
13.141
14.002
12.387
13.724
13.036
13.062
12.874
14.387
13.527
13.643
12.685
13.810
13.756
12.931
13.501
13.260
13.023
13.923
14.419
13.291
12.820
15.187
12.916
14.418
14.085
13.653
12.929
14.064
13.785
13.273
12.767
13.113
12.711
13.473
12.931
13.651
13.568
15.284
14.895
12.969
12.736
13.016
13.301
13.606
13.005
12.938
15.030
13.693
14.033
13.119
13.728
14.326
13.015
13.659
13.517
13.716
13.401
12.855
13.353
12.847
13.394
13.383
12.943
13.133
13.872
14.116
12.980
12.985
13.013
15.436
13.068
13.772
13.110
12.711
13.116
13.435
14.657
13.203
13.871
13.091
13.350
14.114
12.838
13.428
13.597
13.151
12.925
14.417
13.174
13.066
13.343
13.448
12.649
13.974
13.296
12.771
13.063
13.029
13.385
14.308
12.780
12.999
14.718
12.815
13.043
12.949
13.143
12.922
13.710
13.421
13.443
13.092
13.064
13.575
13.509
12.992
14.125
13.076
13.291
13.595
13.762
12.968
14.472
13.762
13.028
13.849
13.147
13.352
13.246
12.868
12.876
13.674
13.206
13.254
13.048
15.526
13.851
13.991
14.024
15.393
13.417
13.547
13.030
13.717
12.799
14.424
13.170
14.258
13.630
13.951
13.606
12.848
13.485
12.995
13.634
13.922
13.253
14.151
13.215
13.065
13.720
13.360
12.933
13.808
13.060
13.737
13.586
12.897
13.340
13.055
12.723
13.536
13.843
13.414
13.701
15.726
13.113
14.234
13.598
13.201
13.830
13.706
13.179
13.347
13.382
13.548
14.988
12.894
13.889
12.761
14.091
13.354
13.418
12.480
13.121
13.006
12.618
13.253
13.026
14.459
12.863
12.942
14.044
13.127
13.353
13.046
12.885
14.007
13.116
13.646
14.231
13.521
12.978
13.259
13.209
12.977
15.309
12.860
13.255
13.009
13.844
14.277
14.152
13.585
14.211
13.502
12.839
12.954
13.518
14.499
14.345
12.768
12.892
12.854
15.317
13.086
13.631
13.885
14.877
13.067
12.749
13.668
12.916
13.075
13.444
12.823
14.114
13.691
13.042
12.745
13.239
13.116
13.036
13.418
12.962
12.953
