latency
71.572
19.961
17.693
17.742
17.202
16.703
17.623
17.072
17.393
18.178
17.156
18.425
16.746
16.675
17.704
16.454
16.954
18.608
17.006
17.355
17.417
16.611
16.933
291.012
16.916
17.182
17.113
16.438
16.714
16.706
18.435
17.272
17.254
17.914
17.348
16.966
16.771
16.907
17.120
19.167
19.295
17.280
17.103
16.907
16.620
16.753
16.736
17.073
16.503
18.020
17.670
16.930
16.606
17.603
17.229
16.622
17.721
16.942
17.219
16.821
17.067
16.669
17.525
18.585
16.908
16.961
17.750
17.098
16.820
17.086
16.858
17.200
16.824
17.595
17.000
16.630
16.872
18.482
16.597
16.805
16.570
17.989
17.748
18.673
17.124
16.879
17.727
16.337
18.221
16.371
16.873
17.180
16.381
16.997
17.154
17.488
16.880
19.120
16.919
16.867
16.937
18.262
17.080
16.526
17.124
17.318
19.627
17.387
16.764
17.166
17.151
16.904
16.747
17.165
17.280
17.377
17.275
17.011
16.620
19.584
17.112
16.454
18.175
16.615
17.027
17.263
17.295
18.030
17.155
17.516
17.615
18.385
17.181
17.605
16.993
17.089
17.345
21.190
18.069
16.762
24.556
16.629
17.951
16.729
18.450
16.999
17.065
16.983
16.689
18.690
17.294
17.824
17.576
17.267
18.226
17.418
16.997
17.334
16.510
17.469
16.974
17.624
17.948
18.178
17.246
17.294
18.510
16.856
16.921
16.945
16.796
16.724
16.593
16.953
17.662
17.444
19.098
18.559
16.387
16.604
17.060
17.028
16.974
18.630
17.806
18.263
17.066
16.809
17.588
17.199
16.760
17.965
17.691
18.134
18.518
18.460
18.558
19.666
18.438
18.451
19.096
18.657
18.625
19.217
19.260
18.521
18.324
18.887
19.981
21.144
20.428
20.634
19.011
18.759
18.519
18.316
18.678
18.787
18.660
19.737
19.366
18.809
17.187
16.630
17.596
16.580
18.294
16.705
17.229
16.490
16.596
16.812
17.550
17.317
17.602
17.809
16.629
16.779
17.541
16.599
16.828
17.082
18.356
17.525
17.100
17.459
17.474
17.491
17.018
16.558
25.436
18.054
17.089
16.850
16.829
16.845
17.754
16.966
16.978
17.388
17.715
17.175
16.682
17.163
16.834
25.967
17.014
16.997
16.840
16.782
17.395
17.133
16.764
18.370
16.859
16.525
16.814
17.427
17.952
17.125
16.939
18.827
17.079
17.136
17.079
17.072
16.671
16.961
16.841
17.435
17.561
17.632
16.959
16.593
16.899
17.368
17.872
16.691
16.824
17.850
16.969
17.048
17.426
17.182
16.642
17.535
16.979
17.077
17.473
17.112
17.508
24.581
16.875
16.570
16.995
17.310
16.749
17.644
17.297
17.448
16.678
18.158
16.684
16.930
17.589
16.944
17.222
17.164
16.960
17.138
18.412
17.273
16.979
16.916
16.707
17.044
16.674
16.884
17.861
16.757
16.562
16.697
16.603
16.502
16.326
16.589
17.622
17.305
16.960
16.820
16.976
16.459
18.191
18.201
16.710
17.990
18.335
16.709
17.156
17.251
18.212
17.293
18.221
17.093
17.941
16.554
16.882
16.890
17.059
17.487
16.824
16.962
16.979
17.545
17.260
17.392
16.894
18.699
16.682
18.144
17.158
18.229
16.748
17.221
17.077
16.328
17.221
17.031
18.707
16.768
17.243
17.902
17.645
17.325
16.846
16.931
17.056
16.771
16.369
16.881
17.652
16.644
16.847
17.737
17.129
17.109
18.474
16.900
18.526
17.214
16.664
17.251
16.961
16.989
16.483
16.657
17.940
17.810
16.667
16.628
17.167
18.145
17.851
16.654
17.206
16.690
16.943
18.032
17.608
17.696
16.968
17.811
18.125
16.657
16.552
16.693
16.994
17.208
16.970
17.067
16.851
16.666
16.737
17.358
23.671
16.557
16.335
17.127
17.255
18.173
17.717
17.816
16.943
17.469
16.481
17.227
17.755
16.978
16.694
16.820
16.955
16.665
16.655
16.847
16.993
17.191
16.818
17.355
16.951
23.201
18.427
17.058
17.161
16.940
17.332
16.635
16.741
16.496
17.149
16.837
17.168
16.966
16.772
17.222
17.712
17.035
17.695
17.337
16.504
16.964
17.199
17.505
20.031
18.059
17.500
17.032
17.842
17.176
17.257
17.317
17.276
17.276
17.127
16.658
18.748
16.790
17.778
16.720
17.448
17.077
18.761
16.800
16.407
17.437
17.265
17.393
16.438
16.826
17.509
17.292
16.399
16.916
17.602
16.520
17.170
16.491
17.764
17.252
17.174
18.099
17.322
18.451
16.775
17.117
18.215
17.669
16.624
18.135
16.644
16.966
20.894
17.010
16.914
17.079
17.045
16.700
17.217
17.595
17.285
19.519
16.372
17.248
16.479
16.993
16.976
17.608
17.046
17.242
18.448
17.891
17.025
17.141
17.117
19.619
16.972
16.812
19.078
17.145
16.706
17.892
17.014
17.167
17.968
20.251
17.454
17.930
16.995
17.876
17.322
17.870
16.612
17.017
17.316
16.679
16.948
16.802
16.652
17.397
17.472
16.670
16.898
16.511
16.583
16.997
17.399
18.071
17.485
16.915
16.679
17.281
17.354
17.024
16.575
17.663
16.897
16.286
17.510
16.745
17.045
16.892
16.535
17.184
17.241
16.998
18.063
17.195
16.599
17.494
16.764
16.774
18.238
17.370
16.600
17.863
17.427
16.819
16.446
18.066
17.848
17.112
16.662
17.091
18.270
16.970
17.119
18.020
17.100
16.562
16.859
17.672
17.026
16.728
17.671
16.794
17.302
17.140
17.058
16.762
18.656
16.822
16.688
17.562
17.469
16.888
17.521
17.195
16.880
16.387
16.831
17.114
18.279
17.901
17.064
16.597
16.275
16.721
16.862
16.593
17.289
16.965
16.717
17.397
16.934
17.046
17.850
17.373
17.372
17.574
17.103
16.930
16.792
16.923
16.545
17.230
17.160
17.624
16.781
16.983
17.026
17.070
17.141
16.874
17.795
16.953
17.634
17.017
16.893
16.657
17.392
17.067
16.727
17.361
17.161
16.908
17.383
17.036
16.570
17.588
16.976
16.784
16.863
16.930
17.344
17.474
18.005
16.572
17.201
17.361
17.371
17.560
16.831
18.716
17.808
16.958
16.656
17.174
16.670
17.356
16.797
21.026
16.655
17.610
17.771
16.910
17.484
21.043
17.678
16.771
16.901
17.086
16.923
16.894
16.443
17.265
17.136
17.264
17.348
16.973
17.639
16.788
18.041
18.869
20.223
18.307
17.464
16.903
16.797
17.247
16.822
17.987
16.653
17.106
18.549
17.863
17.063
17.292
25.009
17.062
17.129
18.860
16.797
17.246
17.215
17.193
17.256
16.768
16.732
17.858
17.049
17.054
18.129
17.025
17.072
19.005
16.963
16.673
17.105
20.044
16.476
16.832
17.034
17.274
17.430
17.315
17.314
20.825
16.891
17.654
17.121
17.738
17.647
17.157
16.862
17.151
17.415
17.301
17.217
17.783
17.121
17.438
16.986
17.258
16.850
17.026
17.247
16.996
17.603
16.571
16.625
17.628
16.789
18.596
16.819
17.053
16.513
18.329
16.710
16.648
17.968
17.867
17.038
17.283
17.142
17.124
16.648
17.311
18.125
17.147
17.952
16.649
17.033
17.623
18.363
17.060
19.469
16.789
16.953
18.042
17.355
17.145
18.540
17.732
16.560
17.324
16.847
17.364
16.828
17.166
17.185
16.756
17.344
29.130
18.850
19.420
16.933
16.878
17.214
17.264
17.161
17.414
16.937
17.270
17.680
16.984
16.747
16.667
17.727
17.553
17.164
16.938
16.779
16.766
21.386
17.356
17.477
17.072
16.814
17.102
17.010
17.475
17.003
17.461
18.456
16.903
17.106
18.712
17.617
17.698
17.404
16.730
18.246
17.050
18.319
16.942
17.237
16.616
20.740
17.669
16.662
17.080
17.094
17.843
17.710
17.091
17.970
17.864
17.064
17.675
17.168
17.154
16.941
16.973
16.812
17.292
16.634
17.188
17.236
16.817
17.014
18.259
17.021
16.882
18.170
17.359
16.695
17.151
16.732
16.941
18.528
18.747
19.551
18.350
17.203
17.117
17.090
17.734
16.727
18.314
21.324
16.903
17.158
16.865
16.751
16.833
17.427
17.096
17.884
17.327
16.845
16.657
16.914
17.390
16.478
17.505
16.952
17.252
18.219
18.232
17.410
16.547
17.149
16.445
16.912
16.799
16.873
17.484
17.421
16.840
17.785
17.012
16.640
16.329
17.156
17.572
16.534
16.592
16.557
16.919
16.824
17.369
16.618
17.432
16.951
17.201
17.456
16.428
16.834
16.728
16.775
17.063
17.601
16.838
16.922
16.994
16.634
17.358
17.865
18.042
16.571
16.984
16.665
17.356
16.770
17.153
16.885
16.561
16.768
17.298
16.855
17.144
16.959
17.169
16.600
16.640
17.354
16.803
16.301
16.788
17.141
17.400
17.031
16.954
16.848
17.407
17.706
16.694
16.698
16.894
17.015
17.744
17.031
17.063
17.749
17.297
23.226
17.324
16.728
16.894
17.114
16.355
17.044
16.736
17.258
16.766
16.558
17.588
17.263
17.595
17.105
16.730
17.317
17.294
20.574
18.162
17.516
16.869
17.527
16.493
16.341
16.723
16.706
16.209
16.468
17.700
17.701
16.688
17.453
16.853
17.129
17.210
18.709
16.643
16.776
20.284
16.673
16.686
17.407
17.113
16.650
16.723
16.773
16.655
16.825
21.242
17.185
17.263
17.225
16.427
16.751
17.595
16.807
16.912
17.062
16.893
16.515
21.720
16.775
16.604
16.727
17.582
17.770
18.204
16.801
17.098
16.753
17.618
16.852
16.892
17.180
16.885
16.894
17.209
16.616
16.678
17.105
17.557
17.307
16.726
17.010
16.860
17.499
17.421
17.313
23.026
17.190
17.211
17.350
17.077
16.687
17.381
16.700
17.232
16.766
16.978
16.545
17.355
17.732
17.326
16.869
16.935
16.682
18.098
16.926
17.861
17.116
17.762
18.556
17.736
17.631
17.188
17.519
18.293
16.631
17.015
17.254
16.613
16.821
17.105
16.959
16.773
16.826
16.909
17.559
17.459
16.675
16.958
16.511
17.102
16.947
16.682
16.859
16.737
17.391
16.587
16.805
16.985
16.402
16.845
16.281
16.987
16.858
16.788
16.449
17.616
16.616
16.496
17.119
16.743
17.144
16.913
16.799
17.145
17.058
16.733
17.069
16.557
17.052
16.798
17.001
16.937
18.191
16.754
18.161
17.293
17.088
17.403
17.325
16.873
16.360
16.742
18.167
17.328
16.895
17.307
16.647
20.824
17.287
16.980
16.525
16.901
16.954
18.694
17.005
16.789
17.339
16.782
18.516
18.087
17.960
18.901
17.189
18.001
16.715
17.363
17.593
17.001
16.981
16.752
16.574
17.538
17.584
17.232
16.700
16.646
17.750
18.313
17.080
16.478
16.642
16.753
16.902
16.861
18.851
17.152
16.614
16.697
16.868
16.855
17.393
16.636
16.859
16.668
16.866
16.811
16.809
16.847
17.198
16.695
16.837
16.907
16.989
16.587
16.986
16.841
16.965
16.829
17.215
17.177
17.053
17.002
17.239
16.380
17.069
17.264
17.356
16.809
17.318
16.743
16.763
17.131
17.871
16.366
16.749
16.469
18.449
17.377
16.860
16.934
16.640
16.802
18.391
16.855
16.917
17.311
17.624
17.057
16.712
17.134
17.461
16.864
17.032
16.933
17.813
17.509
16.552
17.696
16.779
16.429
16.792
17.111
16.914
17.352
16.796
16.465
16.523
16.376
16.934
16.547
18.287
16.842
18.731
17.135
17.172
16.825
16.959
17.427
17.057
17.096
17.697
18.590
21.008
16.323
16.634
16.736
17.489
17.174
16.795
17.843
16.465
16.751
18.180
17.499
16.749
17.153
17.427
17.253
17.486
16.688
16.840
17.271
17.098
17.417
16.592
16.993
17.284
18.067
18.751
16.626
17.207
17.395
19.129
18.270
17.213
16.686
16.716
18.067
17.312
16.664
17.857
18.153
16.749
19.046
17.681
16.924
17.928
16.725
16.887
17.416
16.864
16.593
17.441
17.633
17.452
16.856
16.507
17.230
17.188
16.702
17.552
16.624
16.665
17.179
16.564
16.614
16.697
16.923
16.627
16.721
17.363
17.594
17.100
17.499
18.259
16.780
18.931
17.251
16.867
17.162
17.565
16.933
16.764
17.479
17.029
17.376
16.635
17.414
17.071
17.101
16.745
17.151
17.260
17.173
16.834
17.064
17.074
17.294
17.192
17.132
16.507
17.423
17.059
16.724
17.185
16.910
16.748
19.964
16.633
16.761
17.845
17.160
16.798
17.278
16.932
17.540
17.532
16.650
17.757
17.083
16.954
17.150
18.473
17.873
17.296
17.026
16.841
17.159
16.832
17.079
22.937
20.737
16.768
16.238
17.220
16.974
16.933
16.262
18.121
17.428
16.778
18.024
17.546
16.518
16.958
16.705
16.688
18.366
16.743
16.757
17.596
17.521
16.764
16.825
16.935
17.241
16.662
16.501
16.776
16.628
20.987
17.549
17.180
16.856
17.686
17.139
16.593
17.036
16.947
16.901
16.510
17.145
16.819
16.889
17.160
17.710
17.063
16.660
17.701
17.488
17.263
17.423
17.377
17.006
17.263
17.588
17.621
17.004
17.196
16.675
16.737
16.730
16.837
17.055
17.274
16.488
16.567
18.326
17.195
16.634
16.698
17.819
17.162
17.163
17.117
17.472
17.078
17.915
16.789
17.081
17.760
17.261
17.135
19.996
16.800
17.108
16.988
16.763
18.473
17.605
19.272
19.813
16.320
17.662
16.658
16.784
17.697
17.207
16.813
18.560
16.247
17.291
18.865
16.855
18.425
16.644
17.211
16.875
16.734
17.008
17.094
16.587
17.955
18.068
17.308
16.870
17.230
19.209
17.168
17.226
17.737
16.956
18.469
17.136
17.025
16.816
17.378
16.811
18.756
17.197
17.005
17.764
18.706
16.885
17.201
17.803
16.467
17.101
16.691
17.395
16.767
17.193
17.357
18.432
16.834
16.917
18.108
16.888
17.423
16.792
17.594
17.311
19.525
16.838
16.747
16.820
16.722
17.500
17.039
16.727
16.661
16.905
16.921
16.417
16.676
17.659
16.766
16.649
16.878
17.064
17.090
16.850
17.195
18.180
16.898
18.132
16.606
16.954
17.672
16.796
17.645
17.666
17.247
17.440
16.708
16.867
17.757
16.838
16.750
17.015
16.134
17.083
17.096
17.104
16.829
19.504
16.964
16.829
16.686
16.655
16.633
18.051
16.596
17.538
17.322
18.242
18.092
16.938
17.395
17.390
16.567
16.588
16.788
17.366
16.686
16.407
16.917
16.895
18.459
18.395
18.086
17.187
16.822
16.785
16.313
16.896
16.665
16.655
17.862
17.015
16.946
17.570
17.264
17.178
16.729
16.346
16.763
17.031
17.509
16.719
16.812
16.958
21.750
17.189
17.314
17.671
16.590
16.770
17.192
16.803
16.988
17.068
18.525
16.875
17.524
16.974
18.373
18.248
16.725
16.830
16.815
17.538
17.136
17.109
16.924
17.057
16.999
17.582
16.972
17.085
16.784
16.945
16.822
17.784
16.867
18.784
16.915
17.869
16.957
16.960
16.908
17.518
19.894
16.997
16.991
17.167
16.681
17.577
17.459
17.045
17.333
16.635
17.387
16.616
17.694
17.272
17.284
17.330
17.079
16.832
17.549
19.106
17.142
16.689
17.281
17.809
18.513
17.719
17.587
17.121
17.093
16.942
17.201
17.398
17.052
16.758
17.911
17.478
19.069
17.115
16.641
16.629
19.758
17.101
16.618
18.794
17.518
16.876
16.978
17.261
17.100
16.580
17.294
16.900
16.977
17.423
16.289
18.161
17.097
17.444
17.301
18.346
17.034
17.312
16.732
17.970
17.731
16.696
17.349
17.490
16.926
16.459
16.826
17.207
18.019
16.572
17.060
16.512
16.959
17.340
17.314
16.717
16.445
16.996
16.684
17.006
17.154
17.414
17.208
17.260
16.786
16.553
16.946
16.773
17.373
16.199
17.030
16.605
17.200
16.757
18.428
17.006
16.897
16.425
17.093
17.908
17.341
16.851
16.980
16.969
17.952
17.554
16.746
17.359
16.646
16.381
20.903
16.801
18.991
16.673
17.851
16.872
18.111
16.742
16.933
16.992
16.757
18.354
16.909
18.794
16.595
17.513
17.155
17.084
16.741
16.895
17.217
18.696
17.828
17.494
16.892
17.348
16.464
16.715
17.123
17.453
17.053
16.905
17.065
16.633
18.953
17.241
17.033
18.185
21.974
16.986
16.609
17.066
17.675
16.527
18.746
16.881
17.160
17.166
16.584
16.896
16.780
16.653
16.400
16.644
16.511
17.358
17.114
17.386
17.299
16.413
16.632
16.784
17.511
16.809
17.219
17.398
17.321
16.448
16.256
16.974
17.245
16.986
16.941
18.512
16.653
17.596
16.925
17.700
17.489
19.258
16.779
17.310
16.462
17.853
16.411
16.781
17.180
16.933
16.776
17.096
16.833
16.802
16.977
18.821
16.847
17.288
16.524
16.897
16.803
16.583
16.810
16.819
16.611
17.179
16.921
17.512
17.002
16.306
16.771
16.321
17.174
17.250
16.929
16.790
17.728
17.222
17.680
17.423
16.498
16.245
17.479
17.049
16.840
17.981
17.038
16.407
17.144
16.811
18.246
20.675
17.778
17.144
16.316
16.565
19.152
17.396
17.452
17.045
17.094
17.401
17.464
16.726
16.763
16.858
16.633
17.088
17.379
17.181
17.683
15.967
17.016
16.603
16.892
17.421
17.559
19.997
18.541
17.657
18.557
17.448
17.050
16.376
17.750
16.843
17.808
16.319
17.018
17.907
16.413
18.117
17.805
16.655
17.478
18.002
17.597
16.870
17.319
17.415
17.949
17.133
16.844
16.852
17.289
17.021
16.501
16.904
16.840
17.064
17.612
16.469
17.172
16.974
16.757
16.942
16.550
17.123
16.716
17.133
18.240
16.601
16.678
16.930
17.020
16.794
16.717
17.052
17.244
16.390
16.299
16.593
18.395
16.708
16.787
16.653
17.033
17.565
16.603
16.901
16.976
17.200
16.748
18.025
17.810
17.250
19.713
16.822
16.820
17.287
16.714
16.840
17.201
16.667
17.184
17.225
17.632
16.870
17.097
17.876
20.402
17.494
17.864
17.476
16.983
17.016
17.191
17.619
17.844
17.420
17.145
16.778
17.268
17.258
16.981
17.768
17.073
18.287
16.741
16.406
17.722
18.552
16.858
17.308
16.671
17.125
17.613
16.855
17.575
17.008
17.068
21.039
17.013
18.326
16.500
16.783
16.985
18.976
17.111
17.598
17.002
17.756
19.097
17.535
18.307
17.409
17.263
18.057
16.803
17.947
16.910
16.602
18.092
17.115
16.673
18.372
16.727
17.894
21.671
17.435
18.057
18.325
17.102
19.488
17.999
17.129
16.778
16.345
17.081
16.496
22.892
16.619
16.844
20.214
17.941
17.460
16.773
17.108
16.741
17.209
16.949
16.943
16.350
18.207
17.472
16.836
16.855
18.251
16.609
17.091
16.768
17.198
17.249
17.360
20.247
16.716
16.732
18.309
17.012
17.493
18.524
16.756
17.576
16.159
17.000
16.513
16.924
17.228
16.931
17.046
17.319
17.097
16.949
16.501
17.018
17.475
16.691
16.651
17.602
17.068
17.040
17.750
17.324
16.581
17.185
16.781
16.801
16.463
16.615
18.728
17.065
16.777
17.685
17.341
17.428
17.362
16.940
16.801
17.005
16.562
17.688
17.872
17.135
16.792
17.172
17.248
16.545
16.481
16.885
18.320
16.379
16.765
17.694
16.938
17.133
18.366
16.688
17.483
16.814
16.803
22.675
17.425
16.716
16.945
16.672
18.479
16.765
17.333
17.335
16.871
16.458
17.362
16.930
16.585
16.566
16.878
22.591
17.274
17.972
17.376
16.462
18.285
16.746
16.448
16.873
16.956
16.972
17.617
16.712
17.284
16.987
18.406
17.101
17.406
17.841
17.698
16.783
17.560
17.188
17.110
21.036
18.230
17.139
17.267
16.858
17.699
16.984
16.974
16.871
16.643
16.879
17.453
17.432
16.861
17.597
18.098
16.759
17.503
17.134
16.840
18.537
19.617
17.292
17.020
17.319
17.074
17.076
17.079
17.125
17.302
17.350
17.098
17.373
17.703
17.090
17.428
17.009
16.772
17.561
16.828
17.775
21.080
16.397
16.974
16.801
17.249
18.115
19.745
17.417
17.355
17.338
16.609
16.858
16.520
17.581
17.008
19.316
17.556
17.721
17.432
16.564
16.813
17.345
17.055
18.733
16.375
17.090
17.915
17.369
17.175
17.185
17.038
16.704
16.670
17.317
16.314
17.437
17.135
16.875
17.886
16.518
17.522
18.638
18.830
18.036
17.371
16.977
17.338
16.910
17.401
17.406
16.693
17.174
17.009
17.733
17.242
17.111
17.501
17.422
17.634
17.596
17.428
17.091
17.312
17.340
18.399
17.105
17.130
17.232
17.770
18.347
16.619
17.869
17.445
16.788
16.922
16.809
17.183
17.551
16.751
18.012
17.311
16.849
18.035
17.890
17.336
16.799
17.578
17.104
17.008
18.688
17.772
17.567
16.790
16.993
16.952
17.181
16.998
16.725
16.801
16.993
16.492
18.033
16.764
17.611
17.250
17.745
17.438
17.172
17.160
16.761
16.936
16.628
16.651
16.769
16.807
17.211
17.590
17.098
17.100
17.198
16.806
16.946
18.215
17.668
20.560
19.216
17.962
17.438
18.074
17.948
16.938
22.236
16.778
18.351
989.384
19.019
17.288
17.629
19.443
16.836
16.782
17.260
16.856
17.098
20.137
16.700
17.784
16.842
17.130
17.344
16.572
16.887
17.438
16.724
17.805
17.837
17.403
16.753
16.719
16.670
18.820
16.487
17.725
17.391
18.612
18.736
16.646
16.849
16.471
20.553
17.180
18.244
18.608
17.361
16.630
17.072
16.658
16.883
18.175
16.902
17.350
16.699
16.671
16.615
16.971
17.115
16.758
19.568
18.529
16.906
17.117
17.198
16.904
17.622
17.282
16.789
17.887
17.345
16.873
17.211
16.935
18.090
16.655
21.109
17.706
17.044
17.214
17.238
17.275
17.756
17.618
16.698
17.524
17.150
16.945
16.952
16.675
18.447
18.066
16.836
17.263
17.606
17.042
17.166
17.115
17.075
16.782
16.976
16.125
17.094
21.067
17.267
17.161
17.973
16.653
17.514
17.007
19.800
16.999
16.799
16.200
17.217
17.307
16.907
16.745
17.575
17.114
17.499
17.380
18.266
17.190
17.242
18.554
16.482
17.742
17.112
17.024
16.842
16.395
17.214
17.325
17.058
17.686
17.416
16.711
16.840
17.733
17.046
17.575
17.322
17.020
16.800
17.589
17.973
18.282
16.838
16.502
17.440
17.241
16.682
16.686
17.039
17.361
16.984
16.820
16.886
18.581
17.161
17.233
17.273
16.863
18.180
17.163
16.716
17.935
18.161
17.842
18.288
18.373
19.075
18.795
18.075
16.928
16.953
16.599
16.769
17.690
19.504
17.078
17.165
18.665
17.239
17.681
17.014
16.835
17.068
16.377
16.787
17.253
16.682
17.576
17.214
16.757
17.503
16.733
17.362
16.875
16.978
16.469
17.112
16.917
17.615
16.196
17.187
18.263
16.767
17.708
18.858
16.587
16.804
17.705
17.491
16.895
18.281
16.630
17.061
17.068
16.675
19.253
16.759
16.683
17.205
18.290
16.742
17.329
19.438
17.057
17.385
16.827
16.978
16.730
16.726
16.954
17.300
16.599
16.943
17.882
16.449
17.829
16.859
16.849
17.009
16.495
16.943
16.882
17.541
16.549
16.863
16.759
17.122
19.249
17.523
16.900
17.906
16.875
17.314
16.974
16.989
17.201
16.733
16.888
17.844
16.495
17.178
18.138
16.616
17.236
16.926
17.000
20.057
17.043
18.050
17.974
17.534
17.508
17.523
17.681
16.820
16.596
17.438
17.176
16.716
17.801
16.747
17.304
16.750
16.775
17.768
17.305
16.581
17.022
17.004
17.234
16.785
16.664
16.702
17.318
17.683
16.974
16.602
17.674
17.799
16.980
18.550
16.681
16.880
20.170
16.559
16.745
17.207
16.886
16.782
16.497
17.756
16.517
17.617
16.737
17.379
16.734
17.622
16.983
17.829
17.111
17.051
16.698
17.880
16.986
17.265
18.823
17.835
16.440
18.337
17.046
17.161
17.014
17.517
17.121
20.478
16.998
18.323
17.445
18.062
17.105
17.634
16.595
17.415
16.933
17.528
17.161
16.934
17.227
17.228
16.760
16.690
16.510
16.911
17.099
17.434
17.124
16.665
17.513
16.722
16.693
16.762
16.915
17.699
17.521
18.080
16.879
17.725
251.121
17.159
17.690
17.774
17.454
16.997
17.889
17.376
17.512
17.694
16.936
16.964
17.230
17.418
19.076
17.210
16.992
17.580
17.086
16.762
16.500
17.445
16.975
17.174
18.214
16.603
16.299
17.095
16.890
16.281
17.464
16.824
17.129
16.903
16.912
17.434
17.233
17.563
17.057
16.919
16.943
16.941
17.113
16.784
17.088
16.803
18.301
17.102
16.675
17.462
17.151
17.378
17.242
17.588
18.691
17.591
17.830
16.647
17.540
16.950
16.651
17.123
17.182
16.863
17.428
19.192
17.183
17.367
17.020
17.049
17.810
17.916
17.789
17.527
17.334
16.548
16.459
16.655
18.066
16.493
16.849
16.875
17.563
17.656
17.481
19.725
16.769
17.511
16.779
17.824
16.725
16.869
17.263
17.004
18.149
16.781
16.868
17.149
16.737
17.613
17.002
18.534
16.935
17.079
18.558
16.769
16.783
17.202
17.321
16.754
17.644
16.496
16.753
17.201
17.494
17.323
16.612
16.596
17.487
16.778
16.618
16.593
16.630
16.613
18.580
17.244
16.923
17.252
18.812
16.596
16.419
16.688
16.231
16.675
18.595
17.146
18.201
16.915
17.191
16.835
16.349
17.245
16.306
16.874
16.896
17.162
18.082
16.513
17.570
17.632
16.915
16.956
16.506
16.626
16.518
16.917
17.050
16.481
17.222
16.834
16.744
16.690
17.213
16.793
18.351
17.006
17.033
16.789
17.284
16.990
17.933
17.539
16.971
16.920
18.768
17.588
16.855
18.027
17.232
16.736
17.222
17.012
17.518
18.015
16.800
16.892
18.386
16.571
18.983
16.828
17.932
16.769
16.980
17.423
17.958
16.593
16.916
17.226
16.783
16.910
17.186
16.672
16.873
18.790
16.615
16.902
17.036
16.993
16.774
16.799
17.130
16.519
16.838
17.387
17.313
16.338
16.802
16.892
17.356
16.888
17.389
17.371
16.922
17.382
18.242
17.462
17.878
17.613
18.505
16.934
16.886
16.660
17.115
16.874
17.821
16.500
17.325
20.940
16.928
17.062
16.454
18.519
16.827
17.349
17.465
17.309
16.781
17.105
16.637
17.163
16.680
17.928
17.215
16.746
17.829
17.276
16.795
16.943
16.897
17.578
17.747
18.730
16.666
17.036
17.677
16.795
17.041
16.180
16.999
16.631
17.125
17.448
17.129
18.675
17.603
17.228
17.276
17.041
19.711
18.126
16.696
16.655
17.891
17.535
17.236
16.893
18.188
17.353
16.432
16.739
16.663
17.164
17.822
17.081
17.126
17.468
17.870
16.701
16.698
17.161
18.900
17.000
16.523
17.665
17.108
18.007
17.325
16.753
16.911
16.846
16.832
16.616
16.492
16.191
19.935
17.224
16.571
16.179
16.336
16.584
18.286
16.689
16.960
16.945
16.875
16.751
16.483
17.820
18.720
16.967
18.201
17.194
18.154
16.592
16.941
17.083
16.837
17.182
17.048
17.867
16.585
16.892
17.174
17.062
17.410
16.538
16.499
16.919
17.985
17.053
18.387
17.225
17.699
16.875
18.169
17.023
16.832
16.924
18.558
17.492
16.968
17.132
17.183
19.509
17.232
16.940
17.643
17.113
17.177
17.247
16.714
16.802
17.179
18.106
16.732
16.591
16.469
17.234
16.590
18.896
17.611
16.809
18.129
17.463
17.995
17.310
18.046
17.211
16.897
17.499
16.869
16.691
17.057
17.636
16.974
17.591
17.305
18.486
17.040
18.057
18.127
16.971
17.012
18.299
19.335
17.439
16.840
17.697
17.934
17.125
16.515
17.225
17.321
17.644
17.320
16.902
17.795
16.936
16.977
17.732
17.582
17.259
16.985
17.387
18.478
17.582
18.190
16.805
17.002
17.918
16.693
18.167
18.755
17.458
16.977
16.547
17.364
16.987
17.665
18.556
17.512
17.760
16.532
16.545
17.825
16.607
17.540
16.654
17.631
17.087
16.801
16.917
16.491
17.181
16.884
16.871
17.254
16.840
18.062
17.056
18.049
17.045
16.658
16.714
18.970
16.956
17.276
16.768
17.736
17.016
18.462
17.122
16.601
16.864
18.583
17.621
16.715
17.919
16.690
17.815
16.930
16.188
18.727
17.037
17.333
16.826
17.276
17.285
18.028
21.631
17.666
16.678
17.518
17.195
16.867
16.814
16.918
16.778
17.123
16.956
17.044
18.117
19.407
19.534
16.606
16.720
17.257
16.750
17.519
18.048
16.468
18.177
16.700
16.807
17.176
17.139
18.018
16.933
17.210
16.740
16.727
17.396
17.263
16.700
16.751
17.078
16.709
17.221
17.366
17.273
17.614
16.735
16.926
17.077
17.059
17.232
16.993
16.422
17.385
17.138
17.709
17.304
17.244
16.953
16.691
18.368
16.847
16.781
17.808
16.562
17.363
18.093
17.010
16.651
16.675
16.437
17.277
17.604
17.179
19.142
17.265
16.830
16.917
18.025
17.056
16.722
18.300
16.876
16.550
17.775
18.572
16.771
17.454
16.852
17.283
16.648
17.154
17.844
18.600
18.377
16.760
17.736
17.044
16.837
18.094
17.728
16.871
16.912
17.468
16.601
17.937
17.034
17.237
16.816
17.571
16.923
16.721
16.780
16.980
18.042
17.550
16.951
19.669
17.264
18.056
17.162
17.437
17.054
17.491
17.363
17.541
17.046
17.182
16.630
17.177
17.149
17.130
16.738
16.593
17.264
16.825
16.849
16.906
17.042
17.183
17.017
16.696
18.621
17.265
17.417
17.135
16.572
18.298
17.119
17.959
18.119
17.024
16.758
16.651
16.824
16.434
17.089
17.205
18.017
16.703
17.009
17.149
17.534
16.873
16.705
16.806
17.482
17.407
17.576
16.726
17.735
17.242
16.994
17.055
17.870
16.873
17.803
16.904
16.679
16.533
16.963
16.813
17.306
16.830
16.783
16.550
16.476
17.279
16.917
17.018
16.864
17.785
17.281
16.799
16.776
16.809
17.232
16.862
16.991
16.902
17.183
17.147
18.070
16.744
17.239
17.045
16.758
17.217
16.528
17.070
16.973
17.117
17.662
17.060
17.350
18.401
17.151
16.895
17.290
23.019
17.284
16.957
16.755
16.950
16.875
17.209
16.842
17.385
16.957
16.780
18.591
18.859
17.551
16.718
17.288
17.166
16.925
17.062
16.758
16.796
18.091
17.057
17.284
18.188
17.204
16.747
16.767
16.790
17.093
18.024
16.604
17.391
16.542
18.289
16.899
17.224
17.215
17.479
17.012
16.822
16.565
16.736
16.813
16.598
17.611
16.867
17.799
18.006
18.068
16.488
17.015
16.869
16.743
17.113
16.904
17.190
16.948
17.821
16.878
17.776
20.559
16.797
17.093
17.064
17.296
17.599
16.824
16.593
16.898
16.943
18.340
17.961
17.182
17.551
17.446
17.133
16.850
16.596
17.072
17.520
17.802
17.407
18.668
17.814
17.156
17.097
17.342
16.768
17.492
16.984
17.302
16.855
16.760
17.764
20.916
17.873
16.505
16.383
17.327
18.699
17.402
17.462
17.396
16.871
16.711
17.021
17.562
17.143
17.560
16.971
16.562
17.712
17.163
17.543
16.871
17.441
17.336
17.650
17.317
17.076
17.588
17.340
16.831
17.290
17.933
16.988
16.834
16.864
17.624
17.542
17.197
16.860
16.987
17.435
17.119
17.030
16.573
17.079
17.516
17.314
16.983
17.380
18.219
18.855
17.205
16.985
16.997
17.006
17.098
18.060
18.909
16.579
18.832
16.905
16.839
17.158
16.483
17.152
17.000
16.813
18.977
16.685
16.764
17.050
17.010
17.469
16.851
17.266
17.668
17.629
17.638
16.964
17.039
17.912
18.028
17.345
16.850
17.040
16.730
16.536
17.192
17.049
17.330
17.552
17.868
16.622
16.954
16.873
16.768
17.563
16.686
17.511
17.080
17.637
17.150
16.751
17.041
17.725
16.727
17.179
17.555
17.715
16.878
17.470
18.295
16.599
16.910
17.046
16.630
16.957
16.898
16.765
17.499
16.876
18.603
16.855
17.213
17.209
16.683
17.770
18.048
16.945
18.184
17.210
17.664
17.150
17.228
16.922
17.183
16.998
17.395
16.695
16.779
16.492
20.154
17.437
17.090
18.850
16.684
16.621
17.524
17.537
16.985
16.948
17.407
17.304
17.151
17.294
16.995
17.385
18.232
17.807
18.026
18.469
17.180
17.188
16.552
17.182
16.483
17.677
16.636
17.446
17.128
16.546
16.650
17.494
17.311
16.711
17.346
18.387
16.696
16.665
17.017
17.412
17.119
16.706
17.162
16.817
17.254
16.953
16.892
16.941
17.268
16.500
16.570
17.849
16.598
17.032
16.974
17.216
17.724
17.201
16.809
16.872
16.387
17.317
17.099
16.681
17.417
17.268
16.840
16.630
19.448
16.899
16.321
16.674
16.994
17.145
16.593
18.140
16.652
16.888
16.928
16.881
17.037
16.974
16.952
17.070
17.939
18.030
17.423
16.655
16.992
16.979
19.719
16.815
16.510
17.120
17.016
17.137
17.522
16.558
18.618
16.983
16.676
16.434
17.239
18.781
20.181
18.400
17.050
17.246
16.949
17.492
16.464
17.372
16.986
17.108
17.424
17.318
17.435
17.079
17.061
17.718
16.803
16.455
18.082
16.702
16.572
16.878
17.259
16.697
17.373
16.994
16.871
18.185
18.037
18.170
17.159
17.101
17.360
16.575
17.201
17.372
16.817
17.188
16.758
16.942
16.824
17.599
17.722
19.402
17.110
17.118
17.445
16.988
17.682
16.580
18.014
17.473
16.960
17.001
16.992
17.116
18.694
18.163
17.559
17.046
17.010
16.809
17.055
17.393
17.489
16.570
16.637
17.031
16.688
18.727
16.792
19.422
16.840
16.432
17.381
17.473
17.008
17.469
17.265
17.010
22.412
16.796
17.070
16.820
18.396
16.862
16.890
16.601
16.200
16.540
18.259
16.584
17.211
17.715
16.635
17.136
16.752
18.373
16.587
16.360
17.856
16.404
16.417
17.114
17.108
16.572
16.491
20.501
16.684
16.817
16.870
16.868
17.219
17.450
17.460
17.280
17.609
16.666
16.638
17.220
16.731
16.987
16.544
17.393
18.255
16.727
16.437
17.555
18.256
16.589
16.872
16.541
16.673
16.376
16.487
16.634
16.479
16.710
16.900
17.809
16.627
16.851
17.713
16.737
17.482
16.313
17.065
16.693
17.271
16.859
16.673
16.998
17.050
16.765
16.910
17.438
16.890
16.509
16.802
16.711
16.752
16.906
16.792
17.007
16.434
17.944
16.882
17.833
16.739
17.516
17.063
17.296
17.172
18.327
16.743
17.557
16.588
16.454
18.006
18.020
16.521
16.882
16.878
17.133
18.078
17.635
17.325
17.462
17.110
17.614
16.753
17.150
17.491
16.698
16.548
19.311
17.665
18.049
16.643
17.200
16.803
17.232
16.706
16.609
16.716
17.081
17.531
16.972
16.535
16.810
17.510
16.919
17.156
17.118
17.975
16.853
16.880
16.814
17.119
17.790
16.548
17.148
17.901
17.099
16.784
16.300
16.631
17.050
16.683
16.742
16.981
16.923
16.978
17.356
16.485
16.837
17.111
17.333
16.501
16.923
16.852
17.069
17.275
16.771
16.970
17.544
17.226
17.197
16.621
17.921
19.362
17.397
16.654
16.706
16.755
16.588
17.031
17.173
16.911
17.225
18.130
16.883
17.367
17.429
18.929
16.756
17.349
17.005
16.716
16.898
16.683
16.510
17.686
16.882
16.543
17.198
17.239
16.553
16.590
16.879
17.253
17.163
17.077
16.762
16.537
16.630
16.158
15.986
17.910
16.704
16.806
16.792
17.283
18.748
17.189
16.595
16.508
16.477
16.675
16.444
16.954
17.054
17.206
17.318
16.413
16.368
16.773
16.803
16.811
19.476
17.338
18.786
17.174
16.923
16.478
16.663
17.250
16.778
16.510
16.856
16.888
16.191
17.061
16.381
17.027
17.074
16.907
17.315
16.725
16.375
17.285
16.457
16.886
16.883
17.186
16.663
18.374
18.036
16.546
16.696
17.243
16.977
17.065
16.513
16.799
17.148
17.084
18.332
16.486
16.994
17.946
17.185
17.052
17.145
17.424
16.900
17.224
18.307
16.389
16.255
16.171
16.638
16.873
16.208
16.583
16.491
19.041
17.190
16.508
17.422
16.433
16.857
16.537
16.549
16.753
16.880
16.370
18.332
21.928
16.671
17.856
17.165
17.201
17.179
16.677
17.168
16.868
17.356
16.745
17.388
16.781
16.867
17.237
17.557
17.519
16.858
18.990
16.399
17.069
17.515
17.540
17.947
16.588
16.120
16.915
17.125
17.035
17.088
16.541
17.067
19.170
16.417
17.112
17.612
17.117
17.059
18.458
16.942
17.979
16.621
17.932
17.050
17.385
16.669
16.940
16.956
16.880
16.977
17.361
16.624
17.100
17.322
16.776
16.658
18.106
16.526
18.375
16.965
17.550
16.593
17.459
17.241
18.351
17.078
17.250
16.603
17.641
17.017
17.013
17.661
16.913
17.286
16.700
17.176
17.253
17.347
16.892
17.304
17.436
16.870
16.990
17.138
17.361
18.535
17.012
16.768
17.498
17.715
17.077
17.531
17.995
16.330
16.691
16.902
16.813
17.537
17.455
17.227
17.084
17.315
16.998
16.718
16.755
17.218
17.254
16.777
17.345
16.533
17.027
16.888
16.823
16.509
17.250
16.816
17.283
17.000
16.389
17.758
18.950
16.366
17.068
17.159
16.229
16.914
17.319
16.712
16.672
16.460
16.880
16.591
16.922
17.247
16.573
17.029
16.397
17.358
16.303
16.241
16.965
17.463
16.724
18.601
17.906
17.153
16.336
16.344
17.417
17.470
16.477
18.223
16.836
16.884
16.944
16.902
17.421
16.841
16.378
16.211
16.410
19.061
17.149
16.700
17.232
17.770
16.667
17.379
16.680
16.709
18.169
17.584
17.072
16.883
17.079
17.397
16.908
17.595
17.658
16.902
16.795
16.665
16.780
16.778
17.019
16.743
17.448
16.749
17.874
16.982
17.455
17.773
16.806
16.974
16.441
16.858
17.395
16.998
17.117
16.722
17.383
16.695
19.108
17.051
17.954
16.967
16.921
16.698
17.523
17.063
19.707
17.312
16.701
16.861
16.751
16.740
16.746
18.990
16.759
16.728
17.075
17.735
17.844
17.848
17.699
16.640
18.201
16.621
16.885
16.548
16.760
17.309
16.658
16.700
17.740
16.370
18.879
16.461
16.696
17.488
17.265
17.423
17.304
17.335
16.635
17.881
16.706
16.898
17.400
16.605
17.295
19.190
17.515
17.235
18.603
16.661
17.137
16.642
16.714
17.333
16.544
17.164
17.294
16.464
16.867
18.048
17.431
16.741
16.765
17.881
16.660
16.303
17.211
16.699
16.787
16.469
16.540
16.657
16.249
17.258
16.920
17.414
16.602
17.263
16.556
18.539
17.493
16.623
16.613
17.029
16.585
17.448
16.987
16.673
17.231
16.554
17.324
17.029
17.281
17.489
17.390
17.612
16.197
16.620
17.587
16.727
17.357
19.655
18.832
16.933
16.248
18.926
16.809
17.554
17.415
16.921
17.467
17.527
16.897
16.894
16.989
16.623
16.516
17.159
17.151
16.840
17.422
16.870
16.796
17.448
16.890
16.780
17.199
17.472
17.874
16.304
16.976
17.539
17.702
16.981
17.086
17.206
16.677
16.682
16.579
17.346
17.258
18.987
16.888
17.366
17.200
17.268
16.728
16.319
23.245
17.098
16.608
16.802
16.391
16.553
17.164
17.179
16.988
16.488
16.895
16.809
17.180
16.646
16.867
16.780
16.896
16.981
17.124
17.387
17.334
16.871
16.727
16.882
17.387
17.161
16.547
17.765
17.238
17.056
17.211
17.214
18.901
18.256
16.676
17.683
16.651
17.382
17.295
17.031
17.419
16.551
17.845
16.764
17.378
17.989
18.509
17.108
17.020
17.026
17.223
16.628
17.184
17.653
17.047
16.799
17.417
18.268
17.276
17.618
17.047
16.522
17.172
16.843
16.920
18.203
17.048
16.492
16.822
16.742
16.541
17.613
16.563
17.129
16.737
16.927
16.924
17.031
17.036
19.064
16.925
16.571
18.002
17.013
17.282
16.325
18.012
18.866
16.732
18.107
16.806
19.123
17.678
17.673
16.526
16.551
16.952
17.028
16.638
18.411
16.933
16.539
16.676
17.198
22.871
17.408
18.859
16.692
16.508
16.971
17.050
17.711
16.845
16.858
16.647
16.393
16.408
16.914
17.351
16.827
16.440
17.346
17.361
17.224
16.808
17.377
16.592
17.003
17.084
17.178
16.764
16.790
16.527
16.760
16.602
17.129
18.296
17.585
16.647
16.314
16.824
16.676
16.859
17.689
16.412
17.027
16.729
19.519
16.741
16.475
17.607
17.643
17.212
16.627
16.758
16.988
16.817
16.766
16.582
17.689
17.894
16.962
16.449
16.915
16.431
16.311
16.822
16.849
16.613
16.596
18.460
16.572
16.826
16.613
16.859
17.485
16.366
18.377
16.835
16.824
16.634
16.512
17.102
17.157
17.074
16.520
16.463
16.732
16.851
16.615
16.318
16.719
16.744
16.953
19.052
16.883
17.438
17.259
16.416
16.955
16.597
16.730
16.813
17.779
17.044
17.011
16.428
17.087
17.185
16.725
18.603
16.497
16.993
17.373
16.931
16.717
16.861
16.604
16.825
16.967
17.076
16.687
17.160
17.013
16.799
15.863
18.706
16.543
17.180
17.242
17.256
16.833
17.151
18.254
17.392
16.869
18.836
17.278
17.684
16.809
17.242
16.501
16.537
17.076
17.490
17.008
16.641
17.664
17.373
16.388
17.227
20.165
16.748
17.117
17.109
17.594
17.180
17.096
16.861
16.704
18.507
17.304
16.748
16.709
16.438
16.863
17.139
18.694
16.652
17.043
16.742
16.506
17.949
16.580
19.527
17.069
17.103
17.454
17.079
16.900
16.715
16.716
16.596
16.840
18.415
16.650
16.536
16.394
16.627
16.928
16.836
16.422
17.179
16.892
16.675
17.046
17.805
16.601
16.612
16.831
17.737
16.607
17.881
16.381
17.789
16.336
16.222
16.435
17.860
17.265
17.155
17.113
16.758
17.094
16.868
16.864
16.530
16.901
18.883
17.220
16.354
17.499
16.698
16.893
18.277
16.620
19.198
17.904
17.345
16.852
16.771
17.265
17.264
16.585
18.103
16.661
16.491
16.520
16.823
17.468
16.581
17.382
16.604
18.260
16.948
17.275
16.560
16.747
16.939
16.203
17.017
16.505
16.425
17.312
17.048
16.571
16.636
16.504
