LMem%,Xput,XputErr,Faults,FaultsErr,NetReads,NetReadsErr,KFaults,KFaultsErr,HitR,Count,System,Backend,EvP,EvB,CPU,Zipfs,XputNorm,XputErrNorm
100,507437,441.698,17524,5.79272,17523,,2,,0,3,eden-bh,,NONE,32,10,,0.962966,0.000838213
91,508655,1391.93,22841,12.2837,22840,,0,,0,3,eden-bh,,NONE,32,10,,0.965278,0.00264147
83,508361,1945,24965,116,24964,,0,,0,2,eden-bh,,NONE,32,10,,0.96472,0.00369104
75,503278,331.401,26940,152.429,26789,,0,,0,3,eden-bh,,NONE,32,10,,0.955074,0.000628902
66,489148,1223.86,42229,214.793,38291,,0,,0,3,eden-bh,,NONE,32,10,,0.928259,0.00232253
58,417561,2836.42,154054,993.185,153958,,7,,0,3,eden-bh,,NONE,32,10,,0.792408,0.00538269
50,404720,1133.74,172106,746.62,171740,,13,,0,3,eden-bh,,NONE,32,10,,0.76804,0.00215151
41,368908,1425.86,226174,1789.28,226119,,90,,0,3,eden-bh,,NONE,32,10,,0.700079,0.00270586
33,65688,922.017,288022,5742.8,221225,,146002,,0,3,eden-bh,,NONE,32,10,,0.124657,0.00174972
22,29832,288,363792,6889,307919,,130303,,0,2,eden-bh,,NONE,32,10,,0.0566124,0.000546539
16,21350,227.954,386846,4388.7,331246,,125820,,0,3,eden-bh,,NONE,32,10,,0.040516,0.00043259
8,14713,168.477,405509,5057.47,349335,,120910,,0,3,eden-bh,,NONE,32,10,,0.0279209,0.00031972
4,12420,167.476,414505,4149.49,358988,,117331,,0,3,eden-bh,,NONE,32,10,,0.0235695,0.00031782
