LMem%,Xput,XputErr,Faults,FaultsErr,NetReads,NetReadsErr,KFaults,KFaultsErr,HitR,Count,System,Backend,EvP,EvB,CPU,Zipfs,XputNorm,XputErrNorm
100,505509,684.891,26433,177.065,26432,,2,,0,4,eden-bh,,NONE,32,10,,0.959307,0.00129972
91,507933,1136.48,32561,107.111,32560,,0,,0,3,eden-bh,,NONE,32,10,,0.963908,0.0021567
83,505479,2013.93,34793,168.212,34789,,0,,0,4,eden-bh,,NONE,32,10,,0.959251,0.00382185
75,503082,2205.67,36958,315.588,36669,,0,,0,4,eden-bh,,NONE,32,10,,0.954702,0.00418571
66,432426,3428.1,92937,1643.93,86849,,4,,0,4,eden-bh,,NONE,32,10,,0.820617,0.00650553
58,352781,31576.2,294385,21460.1,272262,,14,,0,4,eden-bh,,NONE,32,10,,0.669475,0.0599223
50,273184,3703.84,497106,3982.63,497065,,27,,0,4,eden-bh,,NONE,32,10,,0.518423,0.0070288
41,217950,1518.62,637523,1876.64,637472,,34,,0,3,eden-bh,,NONE,32,10,,0.413605,0.00288189
33,164419,1585,777334,2249,777288,,33,,0,2,eden-bh,,NONE,32,10,,0.312019,0.00300786
22,96538,222.527,912382,7427.71,912333,,28,,0,3,eden-bh,,NONE,32,10,,0.183201,0.000422291
16,71678,210.086,961385,5790.56,961331,,28,,0,3,eden-bh,,NONE,32,10,,0.136024,0.000398681
8,50152,259.5,1006490,4251,1006417,,32,,0,2,eden-bh,,NONE,32,10,,0.0951738,0.000492455
4,41931,345.134,1027135,8241.85,1027020,,47,,0,3,eden-bh,,NONE,32,10,,0.0795727,0.000654963
