LMem%,Xput,XputErr,Faults,FaultsErr,NetReads,NetReadsErr,HitR,Count,System,Backend,EvP,EvB,CPU,Zipfs,XputNorm,XputErrNorm
100,506903,0,23872,0,0,,0,1,eden,,SC,32,10,,0.995593,
91,509147,0,24152,0,0,,0,1,eden,,SC,32,10,,1,
83,507391,0,24127,0,0,,0,1,eden,,SC,32,10,,0.996551,
75,497410,0,26128,0,1997,,0,1,eden,,SC,32,10,,0.976948,
66,496115,0,37499,0,11569,,0,1,eden,,SC,32,10,,0.974404,
58,445823,0,215817,0,191677,,0,1,eden,,SC,32,10,,0.875627,
50,413798,0,324910,0,300709,,0,1,eden,,SC,32,10,,0.812728,
41,352986,0,457563,0,433546,,0,1,eden,,SC,32,10,,0.693289,
33,278403,0,659534,0,640561,,0,1,eden,,SC,32,10,,0.546803,
22,,,,,,,,,eden,,SC,32,10,,,
16,,,,,,,,,eden,,SC,32,10,,,
8,,,,,,,,,eden,,SC,32,10,,,
4,,,,,,,,,eden,,SC,32,10,,,
