LMem%,Xput,XputErr,Faults,FaultsErr,NetReads,NetReadsErr,HitR,Count,System,Backend,EvP,EvB,CPU,Zipfs,XputNorm,XputErrNorm
100,505911,0,30892,0,29930,,0,1,eden,,NONE,32,10,,0.991312,
91,506769,0,40917,0,39574,,0,1,eden,,NONE,32,10,,0.992993,
83,507040,0,45015,0,43905,,0,1,eden,,NONE,32,10,,0.993524,
75,510345,0,48257,0,46556,,0,1,eden,,NONE,32,10,,1,
66,481868,0,91807,0,86720,,0,1,eden,,NONE,32,10,,0.9442,
58,430278,0,311167,0,310510,,0,1,eden,,NONE,32,10,,0.843112,
50,415026,0,344849,0,343417,,0,1,eden,,NONE,32,10,,0.813226,
41,385527,0,456511,0,454457,,0,1,eden,,NONE,32,10,,0.755424,
33,,,,,,,,,eden,,NONE,32,10,,,
22,,,,,,,,,eden,,NONE,32,10,,,
16,,,,,,,,,eden,,NONE,32,10,,,
8,,,,,,,,,eden,,NONE,32,10,,,
4,,,,,,,,,eden,,NONE,32,10,,,
