LMem%,Xput,XputErr,Faults,FaultsErr,NetReads,NetReadsErr,KFaults,KFaultsErr,HitR,Count,System,Backend,EvP,EvB,CPU,Zipfs,XputNorm,XputErrNorm
100,510076,765.069,937,7.08872,936,,0,,0,4,eden-bh,,SC,32,10,,0.967974,0.00145188
91,509539,777.713,5451,50.2711,5450,,0,,0,4,eden-bh,,SC,32,10,,0.966955,0.00147587
83,509698,188.611,7630,53.7558,7630,,0,,0,4,eden-bh,,SC,32,10,,0.967257,0.000357928
75,508808,1370.74,9330,5.76086,9330,,0,,0,4,eden-bh,,SC,32,10,,0.965568,0.00260126
66,479680,5787.21,32740,382.578,26602,,1,,0,4,eden-bh,,SC,32,10,,0.910292,0.0109824
58,444127,5713.82,136272,1392.39,131349,,7,,0,4,eden-bh,,SC,32,10,,0.842822,0.0108432
50,374977,7577.89,214192,1630.52,212755,,5,,0,4,eden-bh,,SC,32,10,,0.711596,0.0143806
41,304189,1279.64,313802,3624,313798,,9,,0,4,eden-bh,,SC,32,10,,0.577261,0.00242838
33,235051,2058.72,519859,5608.19,519853,,21,,0,3,eden-bh,,SC,32,10,,0.446058,0.00390685
22,112578,1805.77,819645,12149,819632,,31,,0,3,eden-bh,,SC,32,10,,0.21364,0.00342682
16,78894,246,915472,3540,915455,,32,,0,2,eden-bh,,SC,32,10,,0.149718,0.000466836
8,51761,318.766,983865,5464.3,983837,,41,,0,3,eden-bh,,SC,32,10,,0.0982272,0.000604924
4,42266,695.945,993241,9556.94,993198,,66,,0,3,eden-bh,,SC,32,10,,0.0802084,0.0013207
