LMem%,Xput,XputErr,Faults,FaultsErr,NetReads,NetReadsErr,HitR,Count,System,Backend,EvP,EvB,CPU,Zipfs,XputNorm,XputErrNorm
100,506062,0,6443,0,5897,,0,1,eden,,SC,32,10,,0.992798,
91,504465,0,27519,0,26232,,0,1,eden,,SC,32,10,,0.989665,
83,506074,0,37492,0,35849,,0,1,eden,,SC,32,10,,0.992822,
75,509733,0,41559,0,40796,,0,1,eden,,SC,32,10,,1,
66,497662,0,60438,0,54934,,0,1,eden,,SC,32,10,,0.976319,
58,455601,0,224159,0,222042,,0,1,eden,,SC,32,10,,0.893803,
50,414270,0,349028,0,347706,,0,1,eden,,SC,32,10,,0.81272,
41,376218,0,504622,0,502847,,0,1,eden,,SC,32,10,,0.738069,
33,,,,,,,,,eden,,SC,32,10,,,
22,,,,,,,,,eden,,SC,32,10,,,
16,33724,0,466311,0,465487,,0,1,eden,,SC,32,10,,0.0661601,
8,,,,,,,,,eden,,SC,32,10,,,
4,,,,,,,,,eden,,SC,32,10,,,
