LMem%,Xput,XputErr,Faults,FaultsErr,NetReads,NetReadsErr,HitR,Count,System,Backend,EvP,EvB,CPU,Zipfs,XputNorm,XputErrNorm
100,505536,0,6862,0,5844,,0,1,eden,,SC,32,10,,0.996275,
91,506441,0,27556,0,26485,,0,1,eden,,SC,32,10,,0.998059,
83,507426,0,37096,0,36121,,0,1,eden,,SC,32,10,,1,
75,495860,0,43519,0,41674,,0,1,eden,,SC,32,10,,0.977207,
66,496031,0,59744,0,55222,,0,1,eden,,SC,32,10,,0.977544,
58,464993,0,212187,0,201273,,0,1,eden,,SC,32,10,,0.916376,
50,397462,0,323337,0,321734,,0,1,eden,,SC,32,10,,0.783291,
41,337340,0,433013,0,431441,,0,1,eden,,SC,32,10,,0.664806,
33,,,,,,,,,eden,,SC,32,10,,,
22,,,,,,,,,eden,,SC,32,10,,,
16,,,,,,,,,eden,,SC,32,10,,,
8,,,,,,,,,eden,,SC,32,10,,,
4,,,,,,,,,eden,,SC,32,10,,,
