LMem%,Xput,XputErr,Faults,FaultsErr,NetReads,NetReadsErr,KFaults,KFaultsErr,HitR,Count,System,Backend,EvP,EvB,CPU,Zipfs,XputNorm,XputErrNorm
100,510211,1092.75,953,2.62467,951,,0,,0,3,eden,,SC,32,10,,0.968231,0.00207372
91,510117,662.809,5485,23.8374,5484,,0,,0,3,eden,,SC,32,10,,0.968052,0.00125782
83,508571,801.01,7652,37.9327,7651,,0,,0,3,eden,,SC,32,10,,0.965118,0.00152008
75,510279,443.703,9447,40.431,9446,,0,,0,3,eden,,SC,32,10,,0.96836,0.000842018
66,497489,641.652,28654,216.99,26980,,1,,0,3,eden,,SC,32,10,,0.944088,0.00121767
58,464304,2906.91,142128,1363.76,141345,,7,,0,3,eden,,SC,32,10,,0.881113,0.00551646
50,405594,4897.91,226397,1267.72,225398,,5,,0,3,eden,,SC,32,10,,0.769698,0.00929479
41,332242,1434,343022,5855.16,343005,,11,,0,3,eden,,SC,32,10,,0.630498,0.00272131
33,261669,3721.86,624231,9324.72,624193,,28,,0,3,eden,,SC,32,10,,0.496571,0.007063
22,109201,742.62,1110793,5993.33,1110732,,44,,0,3,eden,,SC,32,10,,0.207231,0.00140927
16,76504,835.5,1180390,11741,1180317,,41,,0,2,eden,,SC,32,10,,0.145182,0.00158553
8,52778,284.811,1273963,8832.78,1273843,,54,,0,3,eden,,SC,32,10,,0.100157,0.000540488
4,43591,359.12,1283581,21108.7,1283381,,85,,0,3,eden,,SC,32,10,,0.0827229,0.000681504
