LMem%,Xput,XputErr,Faults,FaultsErr,NetReads,NetReadsErr,HitR,Count,System,Backend,EvP,EvB,CPU,Zipfs,XputNorm,XputErrNorm
100,505907,0,31534,0,29401,,0,1,eden,,NONE,32,10,,0.993394,
91,508857,0,40639,0,39718,,0,1,eden,,NONE,32,10,,0.999187,
83,509271,0,45350,0,43808,,0,1,eden,,NONE,32,10,,1,
75,508169,0,48488,0,47648,,0,1,eden,,NONE,32,10,,0.997836,
66,487853,0,118308,0,115350,,0,1,eden,,NONE,32,10,,0.957944,
58,417528,0,405929,0,395543,,0,1,eden,,NONE,32,10,,0.819854,
50,334356,0,714100,0,713028,,0,1,eden,,NONE,32,10,,0.656538,
41,,,,,,,,,eden,,NONE,32,10,,,
33,,,,,,,,,eden,,NONE,32,10,,,
22,,,,,,,,,eden,,NONE,32,10,,,
16,30551,0,432509,0,432019,,0,1,eden,,NONE,32,10,,0.0599897,
8,,,,,,,,,eden,,NONE,32,10,,,
4,,,,,,,,,eden,,NONE,32,10,,,
