LMem%,Xput,XputErr,Faults,FaultsErr,NetReads,NetReadsErr,KFaults,KFaultsErr,HitR,Count,System,Backend,EvP,EvB,CPU,Zipfs,XputNorm,XputErrNorm
100,507690,0,17707,0,17689,,2,,0,1,eden,,NONE,32,10,,0.963446,
91,505791,0,22835,0,22831,,0,,0,1,eden,,NONE,32,10,,0.959843,
83,506904,0,25104,0,25099,,0,,0,1,eden,,NONE,32,10,,0.961955,
75,504784,0,26831,0,26827,,0,,0,1,eden,,NONE,32,10,,0.957932,
66,487265,0,47746,0,46848,,1,,0,1,eden,,NONE,32,10,,0.924686,
58,442667,0,164041,0,164026,,7,,0,1,eden,,NONE,32,10,,0.840052,
50,430701,0,182563,0,182539,,15,,0,1,eden,,NONE,32,10,,0.817344,
41,403827,0,245786,0,245680,,111,,0,1,eden,,NONE,32,10,,0.766345,
33,54609,0,277222,0,225161,,141276,,0,1,eden,,NONE,32,10,,0.103632,
22,23162,0,363010,0,320975,,115414,,0,1,eden,,NONE,32,10,,0.0439547,
16,17464,0,394212,0,352260,,112353,,0,1,eden,,NONE,32,10,,0.0331415,
8,,,,,,,,,,,eden,,NONE,32,10,,,
4,,,,,,,,,,,eden,,NONE,32,10,,,
