LMem%,Xput,XputErr,Faults,FaultsErr,NetReads,NetReadsErr,KFaults,KFaultsErr,HitR,Count,System,Backend,EvP,EvB,CPU,Zipfs,XputNorm,XputErrNorm
100,509567,548.539,938,6.94422,938,,0,,0,3,eden-bh,,SC,32,10,,0.967008,0.00104097
91,509361,135.096,5448,4.78423,5447,,0,,0,3,eden-bh,,SC,32,10,,0.966617,0.000256372
83,510283,1288.53,7666,90.4298,7666,,0,,0,3,eden-bh,,SC,32,10,,0.968367,0.00244525
75,508287,2457.94,10627,144.971,10627,,0,,0,3,eden-bh,,SC,32,10,,0.964579,0.00466445
66,483883,3271.82,37903,634.716,32635,,1,,0,3,eden-bh,,SC,32,10,,0.918268,0.00620895
58,439903,801.429,142238,253.499,133079,,3,,0,3,eden-bh,,SC,32,10,,0.834807,0.00152088
50,384697,3391.37,232748,1984.68,232741,,9,,0,3,eden-bh,,SC,32,10,,0.730042,0.00643582
41,329387,698.364,357875,6982.92,357863,,21,,0,3,eden-bh,,SC,32,10,,0.62508,0.00132529
33,233339,2120.58,573311,5041.6,573303,,24,,0,3,eden-bh,,SC,32,10,,0.442809,0.00402424
22,110771,918.309,830149,8392.4,830135,,30,,0,3,eden-bh,,SC,32,10,,0.210211,0.00174268
16,77820,675.759,920499,12419.4,920483,,31,,0,3,eden-bh,,SC,32,10,,0.147679,0.00128239
8,51499,0,989277,0,989249,,40,,0,1,eden-bh,,SC,32,10,,0.09773,
4,42069,422,995871,10783.5,995828,,64,,0,2,eden-bh,,SC,32,10,,0.0798346,0.000800832
