LMem%,Xput,XputErr,Faults,FaultsErr,NetReads,NetReadsErr,KFaults,KFaultsErr,HitR,Count,System,Backend,EvP,EvB,CPU,Zipfs,XputNorm,XputErrNorm
100,517643,414.59,550,143.445,541,,,,,5,fastswap,,,,10,,0.99761,0.000799005
91,475235,1300.13,58522,3004.45,57500,,,,,5,fastswap,,,,10,,0.915881,0.00250563
83,449189,2505.12,108015,4917.33,105364,,,,,5,fastswap,,,,10,,0.865685,0.00482791
75,355804,54433.9,216754,7403.71,208177,,,,,5,fastswap,,,,10,,0.685711,0.104906
66,253217,1993.67,279314,1596.3,265694,,,,,5,fastswap,,,,10,,0.488004,0.00384223
58,227525,1200.7,312138,1493.33,296621,,,,,5,fastswap,,,,10,,0.43849,0.00231401
50,197272,3577.54,343920,4542.84,325396,,,,,5,fastswap,,,,10,,0.380186,0.00689469
41,143167,1134.93,398030,2735.89,372948,,,,,5,fastswap,,,,10,,0.275914,0.00218726
33,83469,1187.96,424933,4313.16,396023,,,,,5,fastswap,,,,10,,0.160863,0.00228946
22,38793,816.419,420714,4470.75,387380,,,,,5,fastswap,,,,10,,0.0747625,0.00157342
16,25888,1376.67,384548,3072.59,352320,,,,,5,fastswap,,,,10,,0.0498918,0.00265314
8,13379,373.29,291116,2810.03,265339,,,,,5,fastswap,,,,10,,0.0257842,0.000719411
4,10431,70.9208,269316,1087.48,246382,,,,,5,fastswap,,,,10,,0.0201028,0.00013668
