LMem%,Xput,XputErr,Faults,FaultsErr,NetReads,NetReadsErr,KFaults,KFaultsErr,HitR,Count,System,Backend,EvP,EvB,CPU,Zipfs,XputNorm,XputErrNorm
100,518260,0,574,0,625,,,,,1,fastswap,,,,10,,0.998799,
91,476967,0,59563,0,60734,,,,,1,fastswap,,,,10,,0.919219,
83,448011,0,104135,0,103668,,,,,1,fastswap,,,,10,,0.863414,
75,390443,0,211999,0,202703,,,,,1,fastswap,,,,10,,0.752468,
66,254363,0,277105,0,261941,,,,,1,fastswap,,,,10,,0.490213,
58,233380,0,317933,0,301982,,,,,1,fastswap,,,,10,,0.449774,
50,197425,0,348688,0,329192,,,,,1,fastswap,,,,10,,0.380481,
41,143040,0,401807,0,380571,,,,,1,fastswap,,,,10,,0.275669,
33,79113,0,384994,0,401195,,,,,1,fastswap,,,,10,,0.152468,
22,41913,0,368931,0,411882,,,,,1,fastswap,,,,10,,0.0807754,
16,28567,0,317497,0,380939,,,,,1,fastswap,,,,10,,0.0550548,
8,15521,0,196812,0,298946,,,,,1,fastswap,,,,10,,0.0299123,
4,11554,0,177989,0,271536,,,,,1,fastswap,,,,10,,0.0222671,
