4.011366936442551379e-01,1.264038758842925381e+00,2.318584292647249079e+00,3.937635936887169841e+00,5.434391074950753797e+00,6.929122364002247458e+00,7.883658460147103142e+00,9.628720257711416153e+00,1.055476502717464804e+01,1.239560315676374813e+01,1.340722524332375087e+01,1.290451965515556054e+01,1.025943804343763333e+01,1.057402824081342452e+01,1.006613895933088720e+01,1.089902035639874178e+01,1.064500901210196560e+01,8.978830258431276690e+00,7.100542111440227622e+00,0.000000000000000000e+00
3.645186580754299355e-01,1.210872090565147552e+00,2.236880857452391957e+00,3.802006425380869192e+00,5.243116878466498321e+00,6.678428359660515845e+00,7.598907769105405663e+00,9.286826983586600193e+00,1.016336898034231950e+01,1.186095485131654570e+01,1.291261127082539595e+01,1.241146733136558566e+01,9.891482054185603445e+00,1.017738241459878346e+01,9.712893721254939550e+00,1.034168899011728904e+01,1.014236975366921278e+01,8.603913088968715428e+00,6.768009836248812583e+00,0.000000000000000000e+00
3.767184084624393137e-01,1.203031349586808574e+00,2.209826315697498877e+00,3.766858018263032459e+00,5.149270178319387270e+00,6.512924018065219478e+00,7.331395490697436124e+00,8.909972562185947353e+00,9.905649217207907142e+00,1.174619310925208993e+01,1.250117898450134923e+01,1.189121505177554106e+01,9.558826583089805595e+00,9.915914778866488533e+00,9.526278691048149838e+00,1.035419874988676447e+01,9.979830057505793661e+00,8.591706483451330811e+00,6.930084390543788331e+00,0.000000000000000000e+00
3.633684743364675174e-01,1.217511821406082051e+00,2.262617897004814083e+00,3.822293219169913492e+00,5.296509107371452529e+00,6.743573395878378562e+00,7.796642502256996288e+00,9.410509206244404012e+00,9.148629099856691482e+00,8.388583950859624494e+00,7.921283800886169679e+00,7.105669703286731753e+00,6.469823594312601678e+00,6.348757422679460305e+00,6.256869782678560199e+00,7.072759351045427856e+00,6.187237147026006134e+00,9.889094269870609466e+00,5.239479125915162072e+00,0.000000000000000000e+00
9.642181017708581492e-02,3.210651612443988223e-01,5.967461538313741931e-01,1.014355058235393292e+00,1.411068155766339371e+00,1.799958440081409483e+00,2.088953378015890205e+00,2.521673045643210820e+00,2.791527526160668238e+00,3.290660688441895410e+00,3.491659184222656087e+00,3.458006880738818900e+00,3.498696649496309874e+00,3.865218917096866491e+00,4.011818051695874132e+00,3.877162786484282808e+00,3.883786799416359070e+00,4.282774735814181000e+00,3.817135192533392729e+00,0.000000000000000000e+00
9.641025054151834695e-02,3.212311545154221681e-01,5.965265701309624413e-01,1.014954440779160416e+00,1.410428727875262078e+00,1.801129525598703873e+00,2.088604807172193656e+00,2.522933939479388599e+00,2.790175553632750383e+00,3.291946257288804745e+00,3.488675087857658674e+00,3.456838132638034633e+00,3.500842367266590927e+00,3.862563837352123386e+00,4.015598964030020035e+00,3.881045125723085576e+00,3.884323234057162288e+00,4.286262337390576604e+00,3.805957637064774080e+00,0.000000000000000000e+00
9.645504412934226279e-02,3.210700433994289060e-01,5.958952669922787937e-01,1.014478008500781403e+00,1.410812384609908543e+00,1.801783154724635683e+00,2.089333637118104825e+00,2.522513641533995710e+00,2.789203823378308744e+00,3.289474009506287100e+00,3.487929063766409321e+00,3.458538129875539102e+00,3.500080983541652646e+00,3.866142423095038083e+00,4.015598964030020035e+00,3.881907867776153154e+00,3.882177495493948971e+00,4.277543333449586704e+00,3.808752025931928742e+00,0.000000000000000000e+00
9.551726869393196984e-02,3.166224001670087662e-01,5.869655298422026268e-01,1.004841781450985350e+00,1.399323996833553130e+00,1.789228028597363629e+00,2.076278074608737256e+00,2.507841422349381677e+00,2.776486831787578158e+00,3.283441724916944970e+00,3.472528995025617959e+00,3.433410045708675806e+00,3.486929810110899197e+00,3.852982462621094673e+00,4.008307204528453127e+00,3.865084397741341160e+00,3.875203845163505356e+00,4.284518536602378802e+00,3.811546414799083404e+00,0.000000000000000000e+00
2.104229361433882506e-01,3.581548930080607485e-01,6.185581347389373930e-01,1.044139760025672103e+00,1.444318406102358843e+00,1.836098683836051348e+00,2.115349697361287085e+00,2.550826439491806319e+00,2.768417245761566114e+00,3.341143988160899969e+00,3.465015466678034617e+00,3.337094577221312086e+00,2.787841117212948028e+00,2.809074369938032945e+00,2.865121353782667857e+00,2.385913147757517727e+00,2.891919148570937903e+00,2.397726083772189654e+00,4.943273905996758089e+00,0.000000000000000000e+00
7.535570371347802165e+00,6.647688753633666181e+00,5.538751811222429211e+00,4.149586825633162945e+00,3.406232375768752263e+00,2.619255314889916697e+00,2.053367463700307649e+00,1.550097031512029488e+00,9.783211205148311107e-01,2.733317148351183667e-01,7.716020600922406103e-02,3.501994309259247595e-01,1.276909723423901077e+00,9.190039064303722194e-01,9.487389307039788555e-01,1.042623771131788057e+00,7.429619775126599102e-01,7.411153349841314020e-01,6.985972167886883577e-01,0.000000000000000000e+00
2.073408483102139044e-01,3.418289665874097438e-01,5.926564074112060654e-01,9.982332046863723329e-01,1.379437789421049221e+00,1.763627554498371053e+00,2.008370136604913814e+00,2.450375230542975125e+00,2.684087959332666529e+00,3.158939326589370822e+00,3.365954124847131634e+00,3.249969718799206930e+00,2.630926853173378266e+00,2.640534525271741817e+00,2.665813260739816393e+00,2.184894249392845378e+00,2.649450690927817487e+00,2.235552610469779822e+00,4.311742022019783960e+00,0.000000000000000000e+00
2.059753663588075601e-01,3.370542189679729406e-01,5.838730593947376590e-01,9.851697389888816048e-01,1.358571125908893507e+00,1.739089227729017306e+00,1.981403428606195227e+00,2.414535278472224711e+00,2.654091068869480541e+00,3.118493352867387269e+00,3.323057739600291161e+00,3.200935423479936759e+00,2.595141818101275089e+00,2.597360619857226105e+00,2.633675505899573555e+00,2.164188440119231061e+00,2.639794867393356892e+00,2.146618770271684351e+00,4.250265466942379611e+00,0.000000000000000000e+00
6.597494385412757012e+00,5.958767857336400020e+00,5.106391505111771423e+00,4.010945032624852580e+00,3.291817411791988057e+00,2.512468656440820514e+00,1.996201845334046432e+00,1.474519819149614941e+00,8.874854662953248763e-01,2.640360631728531637e-01,7.710691857413480566e-02,3.600275399552475553e-01,1.213922524360818267e+00,9.329719346527155510e-01,8.982367445264541894e-01,9.792122302313442939e-01,7.821217062913055074e-01,6.016112719282948884e-01,6.315318839769742398e-01,0.000000000000000000e+00
7.213043534425620962e+00,6.291223086266019671e+00,5.190299926631595895e+00,3.879910787287434548e+00,3.153018930902143246e+00,2.414288114816492303e+00,1.889063843285083699e+00,1.421485860221894493e+00,8.722757753562447869e-01,2.485103470986441687e-01,7.263077402663839499e-02,3.104619954992572928e-01,1.158341512440317800e+00,8.684419530304848811e-01,7.842692441686178739e-01,8.321147101833757942e-01,7.274053729293622483e-01,5.336030411885746005e-01,5.952048287039624075e-01,0.000000000000000000e+00
6.304441729278710049e+00,5.636174581567580333e+00,4.779943737166362006e+00,3.756560933536774893e+00,3.055825891458394228e+00,2.333020226825647470e+00,1.817923702912436212e+00,1.319353459491493075e+00,8.220837952572803697e-01,2.481147874534413988e-01,7.641418191797465231e-02,3.160932363484909580e-01,1.152388876045345345e+00,8.596686460478560887e-01,8.282898663447489929e-01,9.705848097006716246e-01,7.955325723113896297e-01,5.475534474941582408e-01,6.455038283127479959e-01,0.000000000000000000e+00
2.263578937731335339e-01,2.820420960888177508e-01,4.608055446348245376e-01,7.693920232326821873e-01,1.061876584449028327e+00,1.356117029026852494e+00,1.547749610788964780e+00,1.883966435770259018e+00,2.070165684233296499e+00,2.433927941888332391e+00,2.593179741182927600e+00,2.504095930844112416e+00,2.042169583689222634e+00,2.047759112695437089e+00,2.075720871446280036e+00,1.738425236930536411e+00,2.107651703716419078e+00,1.630453736965089107e+00,3.406360029061644035e+00,0.000000000000000000e+00
9.110582277049958377e-02,3.034796388259823341e-01,5.643026620955440276e-01,9.574290853606807206e-01,1.329924756388630724e+00,1.697011852747162264e+00,1.964513586816163393e+00,2.366621312697468227e+00,2.344954100532677277e+00,2.119062464306922688e+00,1.990285700583231066e+00,1.788822093164098570e+00,1.641612527669376709e+00,1.605515177821079886e+00,1.559896403002044352e+00,1.809170085282052032e+00,1.565316281864217673e+00,2.500610330275869320e+00,1.296596434359805539e+00,0.000000000000000000e+00
9.011169411169792087e-02,3.001255983203043320e-01,5.577060017623421961e-01,9.479619149257934030e-01,1.317114884304048772e+00,1.679418335440833410e+00,1.940684016410715307e+00,2.343046418851356449e+00,2.323618284076467422e+00,2.095427775506056634e+00,1.961137473589414926e+00,1.766403379594508216e+00,1.623754618484458678e+00,1.588661193354450774e+00,1.553954969334100378e+00,1.783719194716567591e+00,1.559951935456183936e+00,2.423883095595159354e+00,1.282624490024031783e+00,0.000000000000000000e+00
9.529763561815021711e-02,2.307013537922969204e-01,3.854974847144583827e-01,6.333321857975230396e-01,8.653803935209756215e-01,1.098614387956665439e+00,1.258245680969584557e+00,1.513645736975253175e+00,1.659715274585620515e+00,1.967414785327308291e+00,2.080448040754230288e+00,2.024218585644798285e+00,1.646319263423541068e+00,1.801067572933886307e+00,1.797823814886532201e+00,1.931679456817603446e+00,1.975688782078791617e+00,1.773445401597321558e+00,1.791203263846196769e+00,0.000000000000000000e+00
2.748560558055278769e+00,2.861889985713837792e+00,2.794577709893883544e+00,2.540690390330207382e+00,2.083895497020905374e+00,1.619175517667459152e+00,1.346339039649299796e+00,7.595930140368051253e-01,4.206747018900575674e-01,1.607455508192781879e-01,1.170192074559779222e-01,3.700150237255864227e-01,7.777880833756708467e-01,8.058744216543686223e-01,7.569926623294200851e-01,6.677623490740620671e-01,6.995107716075873450e-01,4.080493844383217827e-01,1.151288213267758431e+00,0.000000000000000000e+00
5.118028647493450684e-02,1.704409142557852808e-01,3.140687368346991026e-01,5.365549581538772150e-01,7.464041772545267905e-01,9.584654095381375249e-01,1.095684914772844243e+00,1.325619719768255322e+00,1.446230362599032038e+00,1.697346437565112831e+00,1.794454376630262527e+00,1.710197220929515982e+00,1.455211948464012250e+00,1.597780815086393913e+00,1.556655621001347578e+00,1.642660869040070137e+00,1.577654278602695026e+00,1.367139817947197633e+00,1.265858156821103142e+00,0.000000000000000000e+00
1.061925921404824058e-01,1.823680189943170660e-01,3.132361486373047010e-01,5.277793829617981602e-01,7.328269917006522416e-01,9.239864731452388513e-01,1.072996121674040015e+00,1.280036497145221830e+00,1.380279452721520750e+00,1.722860034680691932e+00,1.720544704161482308e+00,1.641984831774648379e+00,1.367306736584764870e+00,1.361247841304729311e+00,1.393806325466335094e+00,1.167289997800007750e+00,1.368444768689382807e+00,1.210197747009381652e+00,2.461856591963337504e+00,0.000000000000000000e+00
1.785804750183704326e-01,2.504350244239569867e-01,4.164770851142104990e-01,7.024148661624886048e-01,9.722927369090993421e-01,1.238463786359141450e+00,1.424197090827738599e+00,1.710383384323115985e+00,1.707752548468215226e+00,1.835891203297385310e+00,1.728484531989779471e+00,1.616219248643721018e+00,1.167339683735044042e+00,1.246848535781239997e+00,1.003562159549099109e+00,1.099133375607693974e+00,1.117393356793408232e+00,8.335367767586231436e-01,8.327278824121164824e-01,0.000000000000000000e+00
1.042563531829326512e-01,1.746639783568209037e-01,3.038946920489565273e-01,5.125028124873207691e-01,7.079319324747095354e-01,9.055214503376675106e-01,1.036015923983670373e+00,1.258066377272426761e+00,1.379941459589541175e+00,1.622585664621788215e+00,1.726033309975674390e+00,1.664562920085254971e+00,1.282585493009805289e+00,1.266126723493069095e+00,1.276327977941077219e+00,1.056427643980864417e+00,1.210732984293193759e+00,1.021867261884002342e+00,1.944894651539708308e+00,0.000000000000000000e+00
2.586677976614105923e+00,2.577235936683917483e+00,2.416079455630048223e+00,2.115036571556439871e+00,1.735215468016456208e+00,1.345631728465030985e+00,1.131936282517302494e+00,6.636504557749128841e-01,3.729331719979450122e-01,1.411653483817407739e-01,9.517135906938822831e-02,2.960120189804691382e-01,6.543054865311218604e-01,6.620383624391640298e-01,6.303320991355213510e-01,5.495666878038469871e-01,6.228006179727062497e-01,3.487601576395912284e-01,1.047895825183032370e+00,0.000000000000000000e+00
1.022695408197752537e-01,1.667988266033314515e-01,2.883408466031270878e-01,4.877744403611295465e-01,6.731470552001046492e-01,8.611291388681376890e-01,9.870892528320588388e-01,1.198231233410171459e+00,1.313948300570532357e+00,1.544512079649890124e+00,1.643331210717168922e+00,1.578872434332294183e+00,1.222643828846476044e+00,1.205521642363067247e+00,1.212052468260591320e+00,1.016741509539770272e+00,1.169427516951334622e+00,9.887350469082412108e-01,1.889006874196613284e+00,0.000000000000000000e+00
3.869046148290415044e+00,3.231742522174015697e+00,2.450252169006620573e+00,1.556857735477422011e+00,1.282884177868377495e+00,1.012662157896643267e+00,8.160677216110436838e-01,6.072541132840514333e-01,4.161117946083335850e-01,1.278646553117974149e-01,3.586244381506063089e-02,1.035935816604297982e-01,4.753110944683395789e-01,3.383495100800679722e-01,3.775511030811735114e-01,3.675281146066543547e-01,3.921337224272594679e-01,3.696857670979667443e-01,3.912144414016654470e-01,0.000000000000000000e+00
5.134125440021140019e-01,1.079464005775003566e+00,1.126327143299316491e+00,9.804054162050909182e-01,1.034764841867351182e+00,1.183150421577168876e+00,1.388801306063263130e+00,9.635139353604685875e-01,1.458017873076819182e+00,8.122817314239010322e-01,4.743647471644423796e-01,7.571362696535618442e-01,4.413256936551817611e-01,6.522261112085923074e-01,8.744710098546779609e-01,4.451748993827080447e-01,2.092095099133121569e-02,1.569420709378160694e+00,2.148885038842005102e+00,0.000000000000000000e+00
2.924073394784933999e+00,2.452926505307537308e+00,1.863844747736297824e+00,1.225230132159240259e+00,1.020740056789722461e+00,7.886852440773711725e-01,6.396274981834705331e-01,4.796363735012079688e-01,3.281068328691560954e-01,1.095205767655186707e-01,4.721266748906941674e-02,1.335029080577743998e-01,4.227064007453254502e-01,3.404273985759537768e-01,4.072582714208938803e-01,3.959986023578740411e-01,4.103725002145738321e-01,2.894709308408607296e-01,8.327278824121164824e-01,0.000000000000000000e+00
2.157504831855419358e-01,3.581548930080607485e-01,5.720795848184586641e-01,7.904165186140553745e-01,8.516113795997778402e-01,8.731668086040470511e-01,7.653348197239129291e-01,6.508504728925019744e-01,1.022386975096666095e+00,9.696650252589555929e-01,9.399370675391596208e-01,7.734456181508705397e-01,8.161341364316575531e-01,8.424683468319126289e-01,8.650187290193123157e-01,9.067418977736941832e-01,8.030426572826366849e-01,1.349701810065218055e+00,6.147655507740457104e-01,0.000000000000000000e+00
2.103954820089155298e-01,3.374496735254109980e-01,5.410084912102016697e-01,7.497507183369255257e-01,8.116045078813750591e-01,8.339762955950571488e-01,7.245203427528794649e-01,6.236075242502362448e-01,9.834755157775193490e-01,9.120616519263012867e-01,9.061528336925794846e-01,7.464581620054867583e-01,7.629757090905063821e-01,7.684724287284245836e-01,7.934514598372587324e-01,8.359970494221785620e-01,7.118487683460646975e-01,1.177065532033620521e+00,5.029899960878555509e-01,0.000000000000000000e+00
2.105313077268332056e-01,3.373617947348692137e-01,5.411548803438095412e-01,7.480908897541855840e-01,8.065743418049002855e-01,8.283659789308097654e-01,7.218902172958950869e-01,6.382033256265973176e-01,9.632381770002433896e-01,8.984148441668055041e-01,8.977867063835682782e-01,7.414112952066452822e-01,7.539083210935131341e-01,7.704348789745389947e-01,7.721163116660050285e-01,8.170167242546987341e-01,6.903913827139300796e-01,1.217172950162173528e+00,5.393170513608673833e-01,0.000000000000000000e+00
2.884196986940530838e+00,2.195295184369214336e+00,1.617252252173947191e+00,1.065502368636862762e+00,8.832204316820321255e-01,6.665655357157933558e-01,5.324578078759899524e-01,4.122740755260124179e-01,2.882658924370656850e-01,8.366086496038717402e-02,2.483194475158730097e-02,8.510611170256848768e-02,3.323093875844616574e-01,2.499238107551508548e-01,2.703352318914554187e-01,2.510579374425737087e-01,2.295940262638400120e-01,2.615701182296934491e-01,3.073827753870228552e-01,0.000000000000000000e+00
1.149565298459531260e+00,1.363078155783513212e+00,1.490085841673015610e+00,1.470608124307636322e+00,1.205662602889276291e+00,9.344445391601464701e-01,8.174620049858305482e-01,4.672948974683162060e-01,2.240894465024470816e-01,6.858015348703133673e-02,4.353583446791163547e-02,1.653778562609835856e-01,4.151617801982089295e-01,3.866026984845266634e-01,3.394719145729864773e-01,3.205086727144884629e-01,3.626298171830744099e-01,1.447354654204303648e-01,2.682613312468563049e-01,0.000000000000000000e+00
1.967580019482031706e-01,1.421830009415724072e-01,1.824008604753273588e-01,2.873040326457544924e-01,3.967223778873899542e-01,5.070527944415379462e-01,5.795465600335641954e-01,7.036169694913363415e-01,7.722720574317929465e-01,9.111221977689447638e-01,9.621046405362847498e-01,9.382391003614619640e-01,7.058719297201291321e-01,6.740439404153929503e-01,6.902865661484116622e-01,6.043508081736181925e-01,6.490859153720710539e-01,5.649914553761378189e-01,1.123344324596210919e+00,0.000000000000000000e+00
2.314282389239112059e-01,2.876516922184014224e-01,4.369258172150510267e-01,5.997052882138645957e-01,6.504473650668607387e-01,6.720124450985577313e-01,5.808457786327974048e-01,5.067264865269672791e-01,7.764969715815374096e-01,7.322303482259892027e-01,7.255617161751344302e-01,5.998865251843965574e-01,6.093146300574914243e-01,6.307545967511059004e-01,6.424850316381343074e-01,6.574094444372549084e-01,5.847137584756673112e-01,9.625780350852718437e-01,4.582797742133795094e-01,0.000000000000000000e+00
1.221151231619926669e+00,1.346288424635002867e+00,1.388702217328758870e+00,1.319532985711949769e+00,1.082274334174394115e+00,8.361822938950767004e-01,7.225239824662528232e-01,3.819362056494921553e-01,1.994581970094367607e-01,6.808570393052786052e-02,3.895311505023672793e-02,1.509278797421954310e-01,3.752929596923456068e-01,3.470073788129253711e-01,3.221877439026036849e-01,2.803911672468606953e-01,3.261522616084456261e-01,1.726362780315976730e-01,2.487006091767730298e-01,0.000000000000000000e+00
1.105800518201123017e+00,1.180549025673202745e+00,1.258479933663764205e+00,1.247776137074791958e+00,1.009614011484977425e+00,7.701112830821446043e-01,6.354763363176278990e-01,2.793452980695715349e-01,1.640111672930806008e-01,7.871636939535246735e-02,6.266602366494992971e-02,2.198308927747992525e-01,3.537665652872700739e-01,4.405123611277855233e-01,4.045576197536465690e-01,3.455281922534391148e-01,3.921337224272594679e-01,3.330659505458096192e-01,5.029899960878555509e-01,0.000000000000000000e+00
1.851272746220020915e+00,1.606189947662321593e+00,1.274308258735108224e+00,8.819529911955314994e-01,7.359388741038951354e-01,5.870406587274331622e-01,4.808376347503582893e-01,3.476246097438054905e-01,2.398061271394965333e-01,6.823403879747889922e-02,1.769142844962871830e-02,6.114677563648959063e-02,2.739597075732762566e-01,1.935899448666918987e-01,2.160521333797845445e-01,1.859209124359953169e-01,1.893614282035876728e-01,1.691486764552017630e-01,1.732521097635947027e-01,0.000000000000000000e+00
1.097591731993779574e+00,1.188653403023167021e+00,1.210665582899114190e+00,1.128345323033379755e+00,9.212877054641670505e-01,7.276526244434960988e-01,6.098405351766604809e-01,3.296282159001769352e-01,1.730524835735337830e-01,5.972950642561920820e-02,3.293163488515225834e-02,1.331310336620702972e-01,3.186736972378382826e-01,2.956373576646380563e-01,2.687148408911070319e-01,2.441560010180356122e-01,3.105956570251480753e-01,1.813552819725874621e-01,2.570837757782373223e-01,0.000000000000000000e+00
1.349779631442405314e+00,1.207239767222753946e+00,1.115329659637029902e+00,1.021194166747608989e+00,8.254587788547164129e-01,6.204029786968650040e-01,5.075825249394516625e-01,2.930240857468942584e-01,1.669686071979017417e-01,6.165785969598274602e-02,2.968110134470842293e-02,1.171404346467937035e-01,3.217192321375917374e-01,2.947138516664665753e-01,2.889697283954618112e-01,2.799597962203270729e-01,2.392498497983005790e-01,1.830990827607854032e-01,2.906164421840943257e-01,0.000000000000000000e+00
9.972136365437301864e-01,1.118970404278564423e+00,1.149557268938705246e+00,1.076521786172275563e+00,8.870143705024240433e-01,6.973405737284121830e-01,5.983376973346689054e-01,3.348246268613945253e-01,1.911773652759375941e-01,5.804837793350741543e-02,3.229218566408133956e-02,1.226654256686832839e-01,3.180507469174341795e-01,2.857096681842948294e-01,2.849187508945908442e-01,2.514893084691073866e-01,2.891382713930134574e-01,1.429916646322324236e-01,1.872240540993684588e-01,0.000000000000000000e+00
1.266688970983494089e+00,1.116758788049929674e+00,1.005071194067799878e+00,9.047910029913799335e-01,7.298643091386607384e-01,5.521259695839133563e-01,4.471530159458485532e-01,2.639853186106784211e-01,1.563640726820431093e-01,5.434000625973138543e-02,2.754960394113870059e-02,9.976858787604470091e-02,2.831655289748037374e-01,2.586971177377797027e-01,2.508905398872747772e-01,2.130972871076141362e-01,2.317397648270534682e-01,1.639172740906078840e-01,2.263454982395350090e-01,0.000000000000000000e+00
8.941854946398403170e-01,9.084469972256665748e-01,9.493335314466274655e-01,9.234025994145108607e-01,7.501128590227751358e-01,5.637278865692014751e-01,4.695249264594740235e-01,2.135495651635665737e-01,1.270009193413189907e-01,5.819671280045845413e-02,4.769225440487260409e-02,1.535310005121241772e-01,2.822657118453311131e-01,3.226499081111531830e-01,2.832983598942424575e-01,2.381168066465647881e-01,3.014762681314908654e-01,1.900742859135772234e-01,3.912144414016654470e-01,0.000000000000000000e+00
1.152369955039086458e+00,1.058856429392955878e+00,9.868365976127775330e-01,8.879621854163771699e-01,7.205712904550041209e-01,5.473054547801667891e-01,4.440792548696139153e-01,2.911518494446909133e-01,1.733482275640159109e-01,5.493334572753554718e-02,2.147483634096498256e-02,9.132172660219427252e-02,2.771436758775639442e-01,2.217568778109213767e-01,2.241540883815264507e-01,2.208619655852195052e-01,1.957986438932280415e-01,1.429916646322324236e-01,1.928128318336779778e-01,0.000000000000000000e+00
8.106555680293656696e-01,8.643171979086019530e-01,9.175121935286304486e-01,8.994580352301690951e-01,7.220632888675178052e-01,5.567013734654353563e-01,4.571348173789817615e-01,2.078946473528298089e-01,1.263249330773598689e-01,5.641669439704596195e-02,4.678636800835547088e-02,1.693622247863847130e-01,2.603932339289199982e-01,3.092590711376670409e-01,3.086844855663671838e-01,2.501951953895064640e-01,2.853832289073899298e-01,2.406445087713179609e-01,3.716537193315821996e-01,0.000000000000000000e+00
1.630703339957293441e+00,1.358728155651695024e+00,1.044422423045748616e+00,6.839415887879194411e-01,5.593075763253102517e-01,4.418260545829342245e-01,3.603588758653667456e-01,2.636796473776655825e-01,1.863187140037314560e-01,5.478501086058450847e-02,1.785129075489644973e-02,5.094679221146265757e-02,2.050890888174880244e-01,1.506469159517191125e-01,1.674404033693330240e-01,1.518426013398384011e-01,1.679040425714530826e-01,1.551982701496180950e-01,1.788408874979042218e-01,0.000000000000000000e+00
8.873132912949845963e-01,9.745464941781766255e-01,9.814842449152421100e-01,9.011332325960825784e-01,7.454450354179108507e-01,5.944212209410788539e-01,5.042235695365560044e-01,2.884008083475756989e-01,1.662081226509477261e-01,4.835716662603939398e-02,2.094196199007255024e-02,9.668734288306780889e-02,2.729214570392693995e-01,2.257972165529215092e-01,2.117310907121888464e-01,1.975679301524033704e-01,2.725087975281091923e-01,1.133470512328671603e-01,1.956072207008327235e-01,0.000000000000000000e+00
1.123421737669271669e+00,1.024393297035487205e+00,9.439262828239891601e-01,8.472195412233797240e-01,6.865963551757637839e-01,5.242105589972457791e-01,4.265556479092245667e-01,2.848091713596753172e-01,1.700105453857177484e-01,4.964273547294841687e-02,2.179456095150044195e-02,8.569048575296064896e-02,2.601855838221185935e-01,2.192172363159498594e-01,2.149718727128856199e-01,1.854895414094616946e-01,1.861428203587674746e-01,1.307850591148467245e-01,1.872240540993684588e-01,0.000000000000000000e+00
1.520869462613060774e+00,1.288327480117667845e+00,9.916948869843865699e-01,6.676660474071632878e-01,5.468813609753747640e-01,4.381221562026544336e-01,3.620066653082966712e-01,2.529811542222176191e-01,1.662081226509477261e-01,5.241165298936785455e-02,1.268240955123986491e-02,4.871554583723801402e-02,2.018359038109331927e-01,1.514549837001191446e-01,1.682505988695072174e-01,1.695288134277173064e-01,1.786327353875203916e-01,1.325288599030446657e-01,1.313362767562734068e-01,0.000000000000000000e+00
1.406634254026517261e-01,1.158291280890981628e-01,1.462976403993019869e-01,2.214949030967483246e-01,2.878064937738906148e-01,3.543759244426518129e-01,4.114720368547121754e-01,4.354668803308585634e-01,4.320397209528702431e-01,4.201337881609987224e-01,2.760822011973686485e-01,2.898495289945153819e-01,3.280871687461671127e-01,3.916819814744696981e-01,3.821422109154938851e-01,3.714104538454570115e-01,3.937430263496695670e-01,5.894046664109092726e-01,1.084222880456044313e+00,0.000000000000000000e+00
6.884051971312337148e-01,8.361569276949910590e-01,9.101652888856887058e-01,8.850728541797557858e-01,7.286067676195421283e-01,5.648717375395819751e-01,4.900589179790623140e-01,2.689142672430097636e-01,1.368449693102236076e-01,3.817150576206790324e-02,1.817101536543190912e-02,8.983422901937784810e-02,2.532639135954062315e-01,2.206024953132070532e-01,1.885054863738620246e-01,1.906659937278652739e-01,2.435413269247274914e-01,8.544623862169985207e-02,1.536913876935114276e-01,0.000000000000000000e+00
1.072147529155351497e+00,9.659734299453227591e-01,8.767519691397067660e-01,7.698838242942347421e-01,6.237832220089375435e-01,4.804174075598199867e-01,3.894486971847834211e-01,2.652080035427296090e-01,1.539558716166887498e-01,4.692326291217933237e-02,1.801115306016417769e-02,7.522487775957363565e-02,2.401819568669198157e-01,1.924355623689775752e-01,1.914762032078340392e-01,1.833326862767935272e-01,1.577117843961891586e-01,1.150908520210651154e-01,1.704577208964399571e-01,0.000000000000000000e+00
6.607559938083124029e-01,8.140651761837932598e-01,8.821592177623450715e-01,8.488178946734256103e-01,7.047134787562872038e-01,5.502740203937733776e-01,4.823269829006988085e-01,2.773966439591149524e-01,1.456327907416921363e-01,4.069319850023560281e-02,1.907690176194904233e-02,8.818735669554536583e-02,2.486956112457760493e-01,2.136762003269211119e-01,1.930965942081824260e-01,1.898032516747980014e-01,2.108188138357222630e-01,7.847103546890803194e-02,1.173643324204996369e-01,0.000000000000000000e+00
1.055377387855857219e+00,9.409475032610354894e-01,8.429543779180043162e-01,7.365950399403936588e-01,5.962238799035061154e-01,4.604272501250746830e-01,3.720201549999477275e-01,2.530957809345974474e-01,1.511674282778573963e-01,4.361045088360607919e-02,1.790457818998569123e-02,6.985926147870009928e-02,2.250927157726868022e-01,1.882797853772060215e-01,1.885054863738620246e-01,1.647837321358473772e-01,1.469830915801218774e-01,1.185784535974610254e-01,1.425138322248924172e-01,0.000000000000000000e+00
6.974029284660563377e-01,7.341735912712535894e-01,7.750023719614305140e-01,7.516257098840948281e-01,6.092895231445187854e-01,4.642400866930097569e-01,3.882128551025859631e-01,1.814158767930961202e-01,1.108194981477976376e-01,5.028551989640293179e-02,4.364240933809012540e-02,1.405153966624804185e-01,2.350599208991526468e-01,2.709335722135515212e-01,2.506204747205500460e-01,2.053326086300087672e-01,2.430048922839241343e-01,1.761238796079935831e-01,3.604761638629631615e-01,0.000000000000000000e+00
1.073760098317012440e-01,1.764654935629274279e-01,2.695938881804773035e-01,3.477955632167232247e-01,3.533265383462774745e-01,3.534227153006680444e-01,3.122244111767022989e-01,2.684557603934905612e-01,4.731481356298840035e-01,4.640409087785068443e-01,3.806854362775529133e-01,3.175807339313073685e-01,3.655334046726811392e-01,3.845248099886408588e-01,4.023970984198487200e-01,4.309396555070982293e-01,3.460003433181700894e-01,6.173054790220765531e-01,2.906164421840943257e-01,0.000000000000000000e+00
1.044736743316009298e+00,9.277510382146779699e-01,8.290931568295151211e-01,7.091617619756632740e-01,5.765508151213613042e-01,4.447401511027131993e-01,3.575386208572751134e-01,2.497333973714566391e-01,1.471537598356001397e-01,4.450046008531232528e-02,1.657239231275461563e-02,6.826551406853964554e-02,2.160945444779606983e-01,1.736191276562341346e-01,1.779729448715975104e-01,1.583131667378428753e-01,1.426916144536949649e-01,1.238098559620548905e-01,1.536913876935114276e-01,0.000000000000000000e+00
2.014988974853082135e-02,6.740303234554644030e-02,1.252450531223292529e-01,2.123351083253313121e-01,2.945418008932381149e-01,3.753192910193809406e-01,4.328932996128011523e-01,5.230798974931519796e-01,5.097781413081685642e-01,4.615686609959895326e-01,4.333867095808143777e-01,3.924868622088489301e-01,3.616572693457221765e-01,3.537027972996684699e-01,3.435228920738574443e-01,3.925476341456049512e-01,3.465367779589734742e-01,5.527848498587520920e-01,3.129715531213323465e-01,0.000000000000000000e+00
1.200875630834599583e+00,1.054374611075324930e+00,8.471356175466773220e-01,5.878559563870818794e-01,4.895246791457413815e-01,3.957452012047474321e-01,3.348181394999529270e-01,2.184785137958979717e-01,1.402671497715166360e-01,4.108875814543837962e-02,1.268240955123986491e-02,4.510305170754097537e-02,1.774024079106384655e-01,1.394494057238901685e-01,1.461052551980792924e-01,1.307054210396904614e-01,1.625396961634194559e-01,1.168346528092630704e-01,1.536913876935114276e-01,0.000000000000000000e+00
6.275408259596585436e-01,7.604981711935472344e-01,8.109592029038480421e-01,7.696532925466319508e-01,6.377227500344225808e-01,5.078698308489525415e-01,4.390725100237883871e-01,2.438110172318336821e-01,1.347747613768488228e-01,3.742983142731270280e-02,1.726512896891477591e-02,8.244986601896771294e-02,2.291072845041799977e-01,1.986692278566349334e-01,1.820239223724684774e-01,1.742738947195872634e-01,2.322761994678568254e-01,8.370243783350189704e-02,1.313362767562734068e-01,0.000000000000000000e+00
1.037059700344769020e+00,9.076365594906701251e-01,7.951034298699524161e-01,6.729990151683742372e-01,5.468600467123388986e-01,4.247227591210540054e-01,3.426768276123879353e-01,2.357871473652476957e-01,1.421261119974042142e-01,4.000096912113074860e-02,1.609280539695142481e-02,6.497176942087469487e-02,2.030818044517414267e-01,1.694633506644625531e-01,1.669002730358835618e-01,1.527053433929056736e-01,1.351815294824478542e-01,1.063718480800753263e-01,1.285418878891186611e-01,0.000000000000000000e+00
1.031460501866779955e+00,8.990097915524852823e-01,7.758990054047782969e-01,6.432296821612689675e-01,5.264836112500090870e-01,4.070747727208973710e-01,3.284487995378584380e-01,2.314695411989419194e-01,1.364647270367466136e-01,3.955596452027762555e-02,1.540006874079126453e-02,5.801240572984069088e-02,1.935298995388783361e-01,1.567651431896050218e-01,1.550174056999954197e-01,1.470975200479684719e-01,1.319629216376276837e-01,9.939664492728350620e-02,1.481026099592019363e-01,0.000000000000000000e+00
1.044600917598091511e-01,1.597831698250792298e-01,2.452017987930764920e-01,3.236050985016051262e-01,3.343568442443177191e-01,3.382803072165830316e-01,2.994857312525132653e-01,2.592856234031066243e-01,4.719651596679555472e-01,4.070803198693070946e-01,3.624078460419425385e-01,2.996776380238382331e-01,3.413075588791877890e-01,3.426207253216109749e-01,3.470337392412788935e-01,3.981554574905422084e-01,3.046948759763110637e-01,5.074460293656052334e-01,2.738501089811657963e-01,0.000000000000000000e+00
1.045178899376464632e-01,1.664570757512245092e-01,2.546347485899295715e-01,3.324267800432047504e-01,3.379589546973864600e-01,3.376266780906512777e-01,2.953662576451884791e-01,2.569548802513840213e-01,4.833301787307681674e-01,4.180571000236841250e-01,3.738646445861298351e-01,3.054151287004158721e-01,3.379851571703658131e-01,3.488543908092683332e-01,3.537853684093971718e-01,3.968613444109412858e-01,2.794824478585529182e-01,4.655948104488543127e-01,2.235511093723802634e-01,0.000000000000000000e+00
1.027657381765085365e+00,8.834210705413791942e-01,7.496587532055789538e-01,6.091417210824049411e-01,4.973470136799202912e-01,3.865943934417032102e-01,3.113054516796836535e-01,2.226050754415707655e-01,1.375209555741827294e-01,3.836928558466929512e-02,1.225611007052592079e-02,5.254053962162311825e-02,1.821783603670700247e-01,1.535328721960049214e-01,1.344924530289158815e-01,1.350191313050267683e-01,1.233799673847738448e-01,9.939664492728350620e-02,1.425138322248924172e-01,0.000000000000000000e+00
6.008149485276882418e-01,7.165099543723555398e-01,7.555326171915921485e-01,7.085777482150694695e-01,5.880392028977167174e-01,4.672631214004439593e-01,3.998424459786490970e-01,2.326158083227399254e-01,1.275501581807857721e-01,3.411701939873944961e-02,1.540006874079126453e-02,7.086863483846839173e-02,2.131182262804743877e-01,1.797373548941200438e-01,1.644696865353609816e-01,1.660778452154482721e-01,1.920436014076044862e-01,9.765284413908555117e-02,9.221483261610685656e-02,0.000000000000000000e+00
1.034903828311437568e+00,8.817757842962359316e-01,7.422844006000856032e-01,5.947104336824711179e-01,4.860504542708881104e-01,3.778248693354525622e-01,3.008800146273001297e-01,2.191280651660501566e-01,1.321130654625098100e-01,3.678704700385818788e-02,1.284227185650759460e-02,5.020304342005444537e-02,1.789251753605151929e-01,1.451058799626903650e-01,1.328720620285674947e-01,1.298426789866231890e-01,1.190884902583469185e-01,1.011404457154814612e-01,1.285418878891186611e-01,0.000000000000000000e+00
6.242896784563101154e-01,7.315518740200904757e-01,7.518637395305465265e-01,6.966054661228986422e-01,5.781280705860185609e-01,4.626604829720080692e-01,3.954694663031811941e-01,2.263495480459775389e-01,1.268319227753292033e-01,3.416646435438979584e-02,1.374815825302472781e-02,6.513114416189073885e-02,2.084807072285770890e-01,1.740808806553198473e-01,1.723015763703781844e-01,1.630582480297128323e-01,1.936529053300145853e-01,9.067764098629373104e-02,6.985972167886883577e-02,0.000000000000000000e+00
1.041320871005824378e+00,8.802037303765439802e-01,7.280480573567263969e-01,5.714728335241111568e-01,4.653329905999837313e-01,3.617564866562975601e-01,2.947641807333487018e-01,2.097668836550332094e-01,1.331692939999459258e-01,3.856706540727068006e-02,1.300213416177532430e-02,4.866242092356599935e-02,1.698577873635219726e-01,1.396802822234330388e-01,1.245000418601008435e-01,1.216466294824841837e-01,1.094326667238863654e-01,8.719003940989780710e-02,1.257474990219638877e-01,0.000000000000000000e+00
6.228765130081879292e-02,8.721969961271816563e-02,1.355654870416796443e-01,2.227244057506298225e-01,3.131278382605515165e-01,3.626007576106260455e-01,4.590044246315368448e-01,4.907169556979219527e-01,3.780030689776383568e-01,4.027291637720765705e-01,3.192983110547448211e-01,2.976057663906296336e-01,3.505825969829823863e-01,3.688252080197260696e-01,3.297495685708961566e-01,2.730578597957889486e-01,3.105956570251480753e-01,3.226031458166219168e-01,1.341306656234281525e-01,0.000000000000000000e+00
1.163354498737066534e+00,9.302555837451187415e-01,7.214696956652255633e-01,5.159761574845359577e-01,4.203385813311780184e-01,3.245268610251029195e-01,2.585761895059262017e-01,1.945597398126464594e-01,1.285641375767244410e-01,3.550147815694916498e-02,1.012461266695619498e-02,4.026868456338758562e-02,1.597521488325218952e-01,1.201712180120609874e-01,1.242299766933761124e-01,1.194897743498160164e-01,1.029954510342459828e-01,9.590904335088759614e-02,1.201587212876543964e-01,0.000000000000000000e+00
1.123626921200594264e+00,9.155993543447615846e-01,7.194385464364172478e-01,5.260734480295375937e-01,4.302923421689479055e-01,3.328606323807324352e-01,2.711247398790078700e-01,1.982277946088000509e-01,1.331270448584484789e-01,3.698482682645957975e-02,1.076406188802711203e-02,4.292493024698834647e-02,1.542840293534190887e-01,1.230571742563467963e-01,1.161280216916341923e-01,1.130192089518115423e-01,9.494893142219551496e-02,9.242144177449168607e-02,1.285418878891186611e-01,0.000000000000000000e+00
1.054241653661354139e+00,8.779335282875480040e-01,7.111126644624732318e-01,5.448848386339242289e-01,4.463632964980239759e-01,3.463962021969019811e-01,2.777792741677633237e-01,2.038445035154102247e-01,1.244237217099748577e-01,3.495758364479534946e-02,1.071077445293786880e-02,4.563430084426112893e-02,1.632822006481451926e-01,1.311378517403470612e-01,1.293612148611459900e-01,1.233721135886187009e-01,1.137241438503132779e-01,9.590904335088759614e-02,1.033923880847258669e-01,0.000000000000000000e+00
6.095077944744190512e-01,6.994809976273702601e-01,7.077091171060917452e-01,6.479786361618861124e-01,5.365439434029585231e-01,4.278002629223159325e-01,3.702456125229462436e-01,2.119447911902493931e-01,1.194805721547738120e-01,3.263367072922904177e-02,1.049762471258089760e-02,6.173114968688175885e-02,1.937375496456797130e-01,1.619598644293194778e-01,1.436746686975567122e-01,1.371759864376949356e-01,1.866792549995708594e-01,6.975203152791825678e-02,1.145699435533448773e-01,0.000000000000000000e+00
5.835173988554284152e-01,6.821298186503985672e-01,7.021737779915465660e-01,6.515903002076629535e-01,5.395918830170935987e-01,4.269015228741597778e-01,3.753157338858075787e-01,2.129764316016675985e-01,1.180018522023632416e-01,3.233700099532695743e-02,1.310870903195381076e-02,6.560926838493887081e-02,1.897921976164536340e-01,1.701559801630911639e-01,1.506963630323997216e-01,1.470975200479684719e-01,1.931164706892112282e-01,7.149583231611621181e-02,1.117755546861901317e-01,0.000000000000000000e+00
3.633482449742244519e-02,5.219511942678813077e-02,8.212430395397965488e-02,1.347227532990629972e-01,1.855619739906310961e-01,2.364503363058025609e-01,2.671637075642724901e-01,3.290168734341513690e-01,3.600894329827217799e-01,4.185021046245372411e-01,4.569930433253491242e-01,4.427430305425753554e-01,3.555661995462153224e-01,3.594747097882400877e-01,3.481139999081778180e-01,3.817633584822641701e-01,3.578019054158441126e-01,3.051651379346423387e-01,2.598781646453920402e-01,0.000000000000000000e+00
6.000534575346817556e-01,6.831501890516892272e-01,6.827680684676616929e-01,6.161806237758764571e-01,5.109455134968308165e-01,4.134476566987317359e-01,3.518981108410919600e-01,2.021251028297132435e-01,1.194383230132763651e-01,3.110087710406828077e-02,1.310870903195381076e-02,5.790615590249666156e-02,1.809324597262617906e-01,1.551490076928049577e-01,1.520466888660233773e-01,1.419210677295648648e-01,1.743412582610934791e-01,8.370243783350189704e-02,7.544849941317834097e-02,0.000000000000000000e+00
5.718407219778467443e-01,6.605458112623310285e-01,6.787149193308955608e-01,6.174716015624519549e-01,5.137163676914990873e-01,4.141285203715772689e-01,3.518347343240561531e-01,2.023161473503462260e-01,1.163118865424654508e-01,3.199088630577452685e-02,1.326857133722154046e-02,6.263427321930602198e-02,1.864005792053645694e-01,1.549181311932620875e-01,1.501562326989502594e-01,1.514112303133047788e-01,1.646854347266329122e-01,8.021483625710598697e-02,8.662605488179735136e-02,0.000000000000000000e+00
5.922073548932674791e-01,6.587198852810739469e-01,6.477810655353958280e-01,5.735476192525361672e-01,4.746046950206044834e-01,3.803032131046103492e-01,3.281636052111974733e-01,1.924582500856834577e-01,1.107349998648027439e-01,3.085365232581654613e-02,1.055091214767014084e-02,5.317803858568730113e-02,1.725572387519397899e-01,1.396802822234330388e-01,1.315217361949438390e-01,1.220780005090178061e-01,1.598575229594026148e-01,5.754542601053255768e-02,9.221483261610685656e-02,0.000000000000000000e+00
5.624253988081495681e-01,6.354173593224116123e-01,6.315410210257798029e-01,5.696132107601153960e-01,4.734537248166653667e-01,3.762452656144508745e-01,3.307620424096638923e-01,1.897836267968214807e-01,1.081155530919611779e-01,3.006253303541099250e-02,1.310870903195381076e-02,5.700303237007239843e-02,1.689579702340493483e-01,1.494925334540047890e-01,1.396236911966857730e-01,1.259603397478205045e-01,1.711226504162732809e-01,6.626442995152233284e-02,1.005979992175711213e-01,0.000000000000000000e+00
5.902133177578803291e-01,6.489311644457255168e-01,6.294000799467656115e-01,5.471747873267784890e-01,4.585124264284925477e-01,3.697089743551336127e-01,3.088337675152887929e-01,1.857716918635284875e-01,1.101857610253359626e-01,2.927141374500544235e-02,1.140351110909803081e-02,5.121241677982273088e-02,1.624516002209397125e-01,1.348318757330328743e-01,1.396236911966857730e-01,1.307054210396904614e-01,1.502016994249420756e-01,8.021483625710598697e-02,7.544849941317834097e-02,0.000000000000000000e+00
5.595051458729196625e-01,6.223283016867162676e-01,6.177346958623934903e-01,5.427332089896316214e-01,4.519902619395041454e-01,3.695455670736506604e-01,3.111153221285763992e-01,1.840140822737048876e-01,1.065523348565557138e-01,3.075476241451585366e-02,1.220282263543667756e-02,5.408116211811155732e-02,1.603750991529259984e-01,1.349473139828043233e-01,1.385434305297868485e-01,1.328622761723586010e-01,1.459102222985151354e-01,6.626442995152233284e-02,8.103727714748784616e-02,0.000000000000000000e+00
5.930194192918816221e-01,6.386444637973069938e-01,6.055295018478425995e-01,5.173439791869790527e-01,4.305054847993070033e-01,3.420386746906904363e-01,2.948909337674202047e-01,1.783591644629681228e-01,1.054961063191195980e-01,2.867807427720127714e-02,9.485163445885277933e-03,4.754679773645367757e-02,1.537302957352821020e-01,1.281364572462898033e-01,1.212592598594040699e-01,1.186270322967487578e-01,1.534203072697622461e-01,7.149583231611621181e-02,8.103727714748784616e-02,0.000000000000000000e+00
5.989697417002322055e-01,6.385272920765846516e-01,5.977251311623763552e-01,5.030663796187804238e-01,4.215748085872608186e-01,3.416029219400693040e-01,2.856379622801983320e-01,1.783209555588415318e-01,1.066790822810480543e-01,2.823306967634815409e-02,9.165438835349818542e-03,4.632492472199732647e-02,1.479160927448437135e-01,1.205175327613752789e-01,1.326019968618427636e-01,1.225093715355514423e-01,1.394730066088747666e-01,6.626442995152233284e-02,6.147655507740457104e-02,0.000000000000000000e+00
5.592884027060297525e-01,6.083506918355428006e-01,5.849069326508428146e-01,5.117343733286447982e-01,4.234504637344208566e-01,3.375177399029959946e-01,2.934649621341154924e-01,1.747675274750677410e-01,9.911648595300542874e-02,2.872751923285162337e-02,1.172323571963348847e-02,5.243428979427908199e-02,1.506155441332615308e-01,1.288290867449184141e-01,1.272006935273481409e-01,1.194897743498160164e-01,1.566389151145824443e-01,6.452062916332437781e-02,8.942044374895211090e-02,0.000000000000000000e+00
6.122676574661504167e-01,6.379756085581834713e-01,5.866361542915849991e-01,4.813349202114252656e-01,4.045233981585329430e-01,3.224842700065662648e-01,2.784447275966389079e-01,1.716726062408131526e-01,1.031301543952626854e-01,2.912307887805440018e-02,9.218726270439061773e-03,4.292493024698834647e-02,1.454935081654943618e-01,1.195940267632038256e-01,1.166681520250836546e-01,1.091368697130088578e-01,1.394730066088747666e-01,7.323963310431416684e-02,7.265411054602358143e-02,0.000000000000000000e+00
5.657227848537678128e-01,6.072277961786201050e-01,5.799480007498782896e-01,4.915858985881620957e-01,4.125801895861068713e-01,3.406224782511717009e-01,2.816135534484272007e-01,1.697239521303565424e-01,1.032146526782575791e-01,2.882640914415231931e-02,1.033776240731316791e-02,4.977804411067832113e-02,1.454242914632272454e-01,1.255968157513183137e-01,1.285510193609717966e-01,1.160388061375469682e-01,1.400094412496781515e-01,6.277682837512642278e-02,6.706533281171407623e-02,0.000000000000000000e+00
1.013001208819990451e+00,7.874574312697537604e-01,5.701124808356038409e-01,3.370835213447808121e-01,2.726094242292869119e-01,2.134371441636229716e-01,1.797358023134330018e-01,1.333490754018334945e-01,1.015246870183597883e-01,3.278200559618008048e-02,1.140351110909803081e-02,2.804995441882407112e-02,1.058323377664323883e-01,7.688187434777388196e-02,9.425274318693101228e-02,9.317614173126448351e-02,9.173032357737533060e-02,1.185784535974610254e-01,1.453082210920471629e-01,0.000000000000000000e+00
5.739185664710978463e-01,6.037321731770691757e-01,5.629028160054193597e-01,4.739117979386158752e-01,3.907330699742992408e-01,3.172824715460262346e-01,2.747055130915286858e-01,1.661323151424561606e-01,9.776451342508719888e-02,2.729361551899156177e-02,1.076406188802711203e-02,4.823742161418987512e-02,1.393332216637203358e-01,1.193631502636609693e-01,1.282809541942470655e-01,1.143133220314124371e-01,1.459102222985151354e-01,5.057022285774073062e-02,9.221483261610685656e-02,0.000000000000000000e+00
6.227146781102435025e-01,6.361350361118360830e-01,5.697373586807338297e-01,4.614016084353718128e-01,3.860013035803272485e-01,3.128160058521594622e-01,2.589564486081407657e-01,1.682338048694191623e-01,1.043976286401860354e-01,2.828251463199850033e-02,8.366127309011171798e-03,3.931243611729130782e-02,1.337266687800832965e-01,1.097817755326320893e-01,1.174783475252578480e-01,1.078427566334079629e-01,1.223070981031671167e-01,6.277682837512642278e-02,6.427094394455933057e-02,0.000000000000000000e+00
5.843771467507583584e-01,5.997532168275385711e-01,5.498192871892215727e-01,4.453412300190450201e-01,3.732766885478890906e-01,3.095478602225008036e-01,2.548369750008159795e-01,1.605156062358459867e-01,9.886299110402076151e-02,2.709583569639017336e-02,9.325301140617548237e-03,4.271243059230028782e-02,1.318578178188709593e-01,1.089737077842320573e-01,1.204490643592298765e-01,1.013721912354034888e-01,1.260621405887906721e-01,5.928922679873051271e-02,5.868216621024981844e-02,0.000000000000000000e+00
6.034548803004071704e-01,6.105037222038165456e-01,5.435520024066373690e-01,4.358586908009841054e-01,3.660511533787156879e-01,2.985995723631443832e-01,2.510343839786700060e-01,1.526063630816398287e-01,9.827150312305653335e-02,2.763973020854398888e-02,9.538450880974521165e-03,4.117180809581184181e-02,1.292967998349873748e-01,1.096663372828606542e-01,1.180184778587073102e-01,9.231339967819721104e-02,1.314264869968242988e-01,5.928922679873051271e-02,7.265411054602358143e-02,0.000000000000000000e+00
6.268038991922328940e-01,6.184176955076069460e-01,5.418319300867455723e-01,4.239939901910278475e-01,3.539446519743188468e-01,2.905381464766530475e-01,2.375351858500517888e-01,1.582230719882500025e-01,1.005107076224211193e-01,2.694750082943913119e-02,8.792426789725115918e-03,3.787806344814689807e-02,1.277740323851106474e-01,9.777619755640312715e-02,1.155878913581847300e-01,9.317614173126448351e-02,1.056776242382628100e-01,5.928922679873051271e-02,5.029899960878556064e-02,0.000000000000000000e+00
2.197197730485189390e-02,7.185067557796659399e-02,1.353184553787164790e-01,2.290870819844664508e-01,3.006376801215083772e-01,3.482481513870418488e-01,2.981231361362443044e-01,3.090336165759396403e-01,2.958707379066057297e-01,2.765456369523909275e-01,2.351574510488299297e-01,1.901340660321426956e-01,1.799634258945220500e-01,1.526093661978334681e-01,1.893156818740362179e-01,2.169796263464168207e-01,1.147970131319200060e-01,2.075122937955568014e-01,1.229531101548091421e-01,0.000000000000000000e+00
2.684017332864359062e-01,1.451708798199929928e-01,1.086939317037965980e-01,1.188468002808184126e-01,1.662512516800967732e-01,2.002011543635054958e-01,2.456790682891477617e-01,2.713596371071121949e-01,2.528188627207095251e-01,2.709583569639017475e-01,1.785129075489644834e-01,1.602778645484701225e-01,2.009360866814605961e-01,2.137916385766925609e-01,2.028189402102727468e-01,1.587445377643765254e-01,1.909707321259977719e-01,2.197188993129425005e-01,2.235511093723802634e-01,0.000000000000000000e+00
1.981682774874334585e-01,1.333365360270330757e-01,1.499024728143942276e-01,1.776938710522206755e-01,1.765673549894771488e-01,1.755266548595827703e-01,1.563181792687173832e-01,1.242553562197027256e-01,2.190617986642511561e-01,2.215134013135546809e-01,1.864527353772617302e-01,1.561341212820529234e-01,1.707576044929945691e-01,1.678472151676625168e-01,1.822939875391932085e-01,2.070580927361432844e-01,1.898978628443910299e-01,2.545949150769016289e-01,9.780361035041636175e-02,0.000000000000000000e+00
6.396813332143846606e-03,2.122761007087033830e-02,3.958911132006126543e-02,6.733063908318445701e-02,9.331384357121329243e-02,1.192056118417988697e-01,1.379706775868630719e-01,1.668964932249881739e-01,1.851779871833004465e-01,2.174589149502262342e-01,2.302550070206195731e-01,2.255152585377048768e-01,2.125644926623374009e-01,2.313382525419502567e-01,2.490000837202016870e-01,2.312148702220266638e-01,2.499785426143678602e-01,3.086527395110382765e-01,2.067847761694517339e-01,0.000000000000000000e+00
5.681705376851777650e-02,1.875675141013724845e-01,3.087804293831171165e-01,3.359001250404198835e-01,1.788692953973554101e-01,8.769524106250682627e-02,1.663633572188863430e-02,0.000000000000000000e+00,2.154706216369683177e-03,2.768917516419433771e-03,1.598623052677293835e-02,1.041248307971499518e-02,1.002950015850624793e-01,7.030189411080224604e-02,1.741920325374512746e-01,3.709790828189234169e-02,2.923568792378336556e-01,3.173717434520280656e-01,5.393170513608673833e-01,0.000000000000000000e+00
4.605358810076545795e-02,1.526015197758036346e-01,2.512586491960994706e-01,2.680315785461622746e-01,1.468979008434906364e-01,7.143621655495509259e-02,1.476672846933353017e-02,0.000000000000000000e+00,1.436470810913122263e-03,1.878908314713187032e-03,1.417445773373867367e-02,9.881233942994843353e-03,7.738427313464447954e-02,6.002788988114477614e-02,1.509664281991244528e-01,3.278419801655602095e-02,2.419320230023173923e-01,2.580825166532975112e-01,3.632705527301179349e-01,0.000000000000000000e+00
4.042838044274964932e-02,2.844343520535662362e-02,3.830820640099295848e-02,5.933887183295485229e-02,8.263539779022247012e-02,1.050436474466114323e-01,1.207005766946167707e-01,1.422517500633312670e-01,1.510406808533650558e-01,1.588666425045650032e-01,1.383341814916751733e-01,1.350966554679348675e-01,1.193988114107886744e-01,1.044716160431461982e-01,1.201789991925051454e-01,1.363132443846276631e-01,1.249892713071839301e-01,1.865866843371813133e-01,1.285418878891186611e-01,0.000000000000000000e+00
4.414480327768842416e-02,1.431203747073514221e-01,2.253020259432652328e-01,2.194047485851498280e-01,1.072960001227701576e-01,5.092860272884713185e-02,7.922064629470777081e-03,0.000000000000000000e+00,2.999689046318579008e-03,3.658926718125680294e-03,1.332185877231078369e-02,5.737490676577650280e-03,6.374858278802107703e-02,3.867181367342981124e-02,1.366529743627137305e-01,3.062734288388786058e-02,2.569521929448115860e-01,3.923551773445401736e-01,2.319342759738445281e-01,0.000000000000000000e+00
5.489381940098141469e-03,1.799562344094481764e-02,3.346821567108484302e-02,5.709502948962115465e-02,7.905460160018960847e-02,1.011218726910210752e-01,1.160107144339700691e-01,1.404177226652544574e-01,1.472805072600924803e-01,1.579766333028587710e-01,1.580505324746951379e-01,1.454560136339778376e-01,1.184989942813160640e-01,1.223645447577181994e-01,1.196388688590556970e-01,1.276858238539550217e-01,1.265985752295940292e-01,1.046280472918773713e-01,5.868216621024981844e-02,0.000000000000000000e+00
3.642296671862434165e-02,1.203500036469698081e-01,1.931055658703982325e-01,1.989027918316761678e-01,9.900475180180122459e-02,4.730640798930880325e-02,8.048817663542309417e-03,0.000000000000000000e+00,2.957439904821133891e-03,3.609481762475333193e-03,1.182981058981197493e-02,5.471866108217574368e-03,6.305641576534984361e-02,3.694023992685832591e-02,1.390835608632363107e-01,3.537242417575781062e-02,2.526607158183846735e-01,3.609667631569769553e-01,2.682613312468563049e-01,0.000000000000000000e+00
5.219175458708736302e-03,1.379697011505970003e-02,2.359609847340836744e-02,4.002031138384212067e-02,5.494817010657557926e-02,7.051024195988514487e-02,8.077337096208404843e-02,9.506375346698044126e-02,1.048201200551604761e-01,1.202006871859936238e-01,1.253853347649890870e-01,1.225591758413392546e-01,1.229288632264119857e-01,1.281364572462898033e-01,1.444848641977309056e-01,1.324309051458249786e-01,1.255257059479872872e-01,1.656610748788058529e-01,9.221483261610685656e-02,0.000000000000000000e+00
2.469484946276738202e-01,0.000000000000000000e+00,5.306606093282999117e-04,0.000000000000000000e+00,9.399589998836241009e-03,7.225325296236975725e-02,9.436763386625590666e-02,2.976473631462128733e-02,3.426827866857745652e-01,1.611411104644809578e-01,5.664454349986544623e-02,5.726865693843247174e-02,5.232782691394564228e-02,8.981095832217429742e-02,9.263235218658262549e-02,2.941950400959369438e-01,5.900781048837009518e-02,3.836361734035503845e-02,2.235511093723802772e-02,0.000000000000000000e+00
9.162456141658940900e-03,1.989478174765331800e-02,2.921378147560795696e-02,4.716679555952821290e-02,6.541347325720731076e-02,8.848504292300767016e-02,9.820191314691975593e-02,9.605718497427202796e-02,9.649703918016386273e-02,1.338969399011397665e-01,7.065913892833639021e-02,6.683114139939522191e-02,8.762834507017881747e-02,8.888745232400284413e-02,8.182974551759339410e-02,1.492543751806366115e-01,1.314264869968242988e-01,2.005370906427649813e-01,1.369250544905828981e-01,0.000000000000000000e+00
2.305121378051899206e-01,0.000000000000000000e+00,4.483167216739084937e-04,0.000000000000000000e+00,9.015933264189864710e-03,7.012895830309164025e-02,9.164244363371795710e-02,2.888593151970949083e-02,3.377396371305735334e-01,1.607949957749285341e-01,5.589851940861604446e-02,5.509053547787984978e-02,5.128957637993878521e-02,8.807938457560281209e-02,8.939157018588585191e-02,2.911754429102014763e-01,5.149772551712299140e-02,3.313221497576116642e-02,2.235511093723802772e-02,0.000000000000000000e+00
3.367177345356857365e-02,1.095653231854811782e-01,1.787777294185341204e-01,1.884212817073365742e-01,9.067087495476047754e-02,4.297611503001110694e-02,7.731935078363478576e-03,0.000000000000000000e+00,4.224914149744476988e-04,4.944495565034702543e-04,1.012461266695619498e-02,5.312491367201528647e-03,3.841526975825374640e-02,3.255358643554390197e-02,1.196388688590556970e-01,3.062734288388786058e-02,1.421551798128916078e-01,3.034213371464443698e-01,2.766444978483205697e-01,0.000000000000000000e+00
6.327166527849893696e-02,2.836532072487503789e-02,2.805181772759599013e-02,4.277132357190192857e-02,6.057513554805577655e-02,7.336986938583645035e-02,9.097699020484241450e-02,9.601897607014543701e-02,9.032866452153692771e-02,1.009665994380086335e-01,6.730203051771407874e-02,6.024365210406532750e-02,7.939155750039107728e-02,8.992639657194573255e-02,8.480046235156543655e-02,6.901936424538109016e-02,8.207450004291477752e-02,1.168346528092630704e-01,1.481026099592019363e-01,0.000000000000000000e+00
6.857175818617990137e-02,3.718737486426388489e-02,3.162005285928628368e-02,4.217194102813470735e-02,6.087353523055851617e-02,7.179026566483477645e-02,9.100867846336029021e-02,9.586614045363903158e-02,8.817395830516723543e-02,9.829657183288989519e-02,6.463765876325192061e-02,5.997802753570525419e-02,7.323127099861705125e-02,8.149940433863117617e-02,7.588831184964932308e-02,7.203896143111651607e-02,7.724658827568449404e-02,9.242144177449168607e-02,1.313362767562734068e-01,0.000000000000000000e+00
1.322133318028375845e-03,4.022895744801554922e-03,6.294732745135695265e-03,3.099883566098677462e-02,6.532821620506366889e-02,3.842794569540283756e-02,7.478429010220413904e-03,3.671875686566246355e-02,1.947685423032204100e-02,8.499587876294655009e-02,6.138712522280808520e-02,8.606236014866475853e-03,6.174129842227448622e-02,9.696812980800309859e-03,2.174024592134082001e-01,1.872150255155962117e-01,1.341086602008411399e-01,0.000000000000000000e+00,3.520929972614988968e-01,0.000000000000000000e+00
1.651582931701020334e-03,6.566498515483120205e-03,1.246137499836455845e-02,2.093228268233216990e-02,2.843322688990373298e-02,3.556831826945152514e-02,4.296927855024949838e-02,5.154381166678320692e-02,4.972723954249249484e-02,5.819671280045845413e-02,3.463683280800803482e-02,3.102494958445692688e-02,4.519850658043188252e-02,5.252440364600167999e-02,6.670609618100847849e-02,8.152912401485641614e-02,1.164063170543301051e-01,1.499668677850242438e-01,2.375230537081540194e-01,0.000000000000000000e+00
4.870941437238967414e-03,1.149747509588308451e-02,1.774053312909609423e-02,2.906236898112344452e-02,4.273509738699923788e-02,4.782386438067142559e-02,6.499261822017825263e-02,6.484051030283995154e-02,4.862876186355893221e-02,6.858015348703133673e-02,3.969913914148613665e-02,3.755931396611480316e-02,5.661926245450732420e-02,6.383735212360204525e-02,6.508570518066009170e-02,6.082331474124209186e-02,6.437215689640374272e-02,8.544623862169985207e-02,1.229531101548091421e-01,0.000000000000000000e+00
4.742340491550960796e-03,1.077979830645853405e-02,1.576427982539070280e-02,2.657262610701345215e-02,3.717207473462676853e-02,4.343910232754608081e-02,5.789444831217244181e-02,5.437127057215159626e-02,4.229139063894221673e-02,6.521789650280773731e-02,3.506313228872198068e-02,2.974995165632855765e-02,5.475041149329498008e-02,6.753137611628787229e-02,5.563342434529452291e-02,5.047041010443492626e-02,6.598146081881384184e-02,9.416524256268964110e-02,1.229531101548091421e-01,0.000000000000000000e+00
2.226385810293029024e-02,7.112323447848185876e-02,1.086573344203946440e-01,9.553235620659086824e-02,4.810629167204851647e-02,1.999015743474534534e-02,3.168825851788311006e-03,0.000000000000000000e+00,2.027958791877349128e-03,2.571137693818045366e-03,8.685851919546631189e-03,2.284371287896657353e-03,3.253185006554821374e-02,1.558416371914335581e-02,6.022453217961493827e-02,1.725484106134527254e-02,1.158698824135267341e-01,1.953056882781711023e-01,1.033923880847258669e-01,0.000000000000000000e+00
1.833647191888534457e-03,6.942424452800741337e-03,1.314757406215115269e-02,2.064027580203531970e-02,2.581157253648682162e-02,3.140143259163676037e-02,3.517396695485025537e-02,4.199158563513324255e-02,3.929170159262363599e-02,5.246109794501820078e-02,3.362437154131241862e-02,2.714683088639980799e-02,4.277592200108255166e-02,5.102370639897305798e-02,5.185251201114828706e-02,7.247033245765015230e-02,9.333962749978542972e-02,7.498343389251212188e-02,1.229531101548091421e-01,0.000000000000000000e+00
2.839682275324683647e-01,1.247146502438782889e-01,5.745773494106419521e-02,9.928233930092938281e-03,3.388967822709665258e-03,1.089381876552879757e-04,0.000000000000000000e+00,4.967157536457981158e-04,1.428020982613633326e-02,3.307867533008216482e-02,6.021480165084473930e-03,1.062498273440305708e-04,1.280508991941791547e-02,6.579980236971639390e-03,2.214534367142791463e-02,1.509798592867711391e-02,1.609303922410093568e-02,3.487601576395912839e-02,2.514949980439278032e-02,0.000000000000000000e+00
1.081057118268972383e-01,9.333215771040208331e-02,6.717431368428236627e-02,4.318628071758692788e-02,2.922185462223239605e-02,2.334000670514544892e-02,1.872776078406891698e-02,1.467221918461434488e-02,1.444920639212611199e-02,1.458626191685237321e-02,1.092392419329484173e-02,9.137485151586629412e-03,9.967205126465835882e-03,8.311553983543122984e-03,7.831889835017188939e-03,7.333307451071741437e-03,5.900781048837009865e-03,6.975203152791825331e-03,5.588777734309506931e-03,0.000000000000000000e+00
8.814222120189172120e-05,2.929293018059384631e-04,5.489592510292757221e-04,8.913894240640718621e-04,1.214912993046861171e-03,1.579603721001675634e-03,1.837918994037220392e-03,2.216116439342791494e-03,2.450450206851796826e-03,2.818362472069780873e-03,3.090671235176101813e-03,3.081244992976886390e-03,4.014568731493184210e-03,6.695418486743071051e-03,1.566377967003437788e-02,2.501951953895064848e-02,3.111320916659514324e-02,9.939664492728350620e-02,1.564857765606661733e-01,0.000000000000000000e+00
