2.739230792184500629e+01,3.877059677003368421e+01,4.455409907282800219e+01,4.676220597563995085e+01,4.863534517135859403e+01,4.994117328094203145e+01,5.203245696208901450e+01,5.369709055318712387e+01,5.086746810714257805e+01,5.111477518105124318e+01,4.927095402954292780e+01,4.514023693924549008e+01,4.107703741095967587e+01,4.171837690387691566e+01,3.302677132965413165e+01,2.925488211777200931e+01,2.861787993419999765e+01,3.329518831525310674e+01,0.000000000000000000e+00,0.000000000000000000e+00
1.583921687070279205e+01,2.365759077577256875e+01,2.860357473107610105e+01,3.091778675009842203e+01,3.168719537293253197e+01,3.286794231744907080e+01,3.320837773922375646e+01,3.126328349236256443e+01,3.305240942733179565e+01,3.287638169226970319e+01,3.118210947668692157e+01,2.735214632303718574e+01,2.227106586647222741e+01,2.332086620764976814e+01,1.744541185342611200e+01,1.371351562578279193e+01,1.161517240496444359e+01,1.131824543226295354e+01,0.000000000000000000e+00,0.000000000000000000e+00
5.136283590680299493e-01,8.119576108627291067e-01,7.581471715193713878e-01,1.200288938708264919e+00,1.762459738471066739e+00,1.841734478174005263e+00,1.646887910444643888e+00,2.442861279834018351e+00,3.805267245875346038e+00,4.415677299914448461e+00,6.933257302018519752e+00,1.254964187842096912e+01,1.946454278609755661e+01,1.847620298747363066e+01,2.917697871319370506e+01,3.494634429826759003e+01,3.818704354449501182e+01,3.385808506854505140e+01,0.000000000000000000e+00,0.000000000000000000e+00
1.152149825096494418e+01,7.556412454166586024e+00,5.487188475804956944e+00,4.275410069687112014e+00,3.412943937711210740e+00,2.908213084289714256e+00,2.605424361448785753e+00,2.396215556394587942e+00,2.114272751444351783e+00,1.979967475003766797e+00,1.989377098975678937e+00,1.704122007814357298e+00,1.543365677641296063e+00,1.416074864574559333e+00,1.249271586741164786e+00,1.174814384337144135e+00,1.017083677375168804e+00,9.502748760931254424e-01,0.000000000000000000e+00,0.000000000000000000e+00
2.248739096115747738e-01,3.191639480009946794e-01,2.809417055616893477e-01,4.253168056118839524e-01,6.126742313467000711e-01,6.027164114986794941e-01,4.864871759900230019e-01,6.623142877042239585e-01,1.054863117734054612e+00,1.182797808616347535e+00,1.649828158954018242e+00,2.793873357242135480e+00,3.964281040252771504e+00,3.815352595557684801e+00,5.823364069516333785e+00,6.616033586164744129e+00,6.896518616663786183e+00,5.786702337413303532e+00,0.000000000000000000e+00,0.000000000000000000e+00
7.768396693472231718e+00,5.162252765080259209e+00,3.585472153419859254e+00,2.788021019525540378e+00,2.194106277688557149e+00,1.797293928889236447e+00,1.527039314965052519e+00,1.356794879784164909e+00,1.120442445035359169e+00,9.654955915784469989e-01,8.463854535468748885e-01,7.556941403988268746e-01,6.569353300802064366e-01,6.229699063162477124e-01,5.035478010489150558e-01,4.338546937466809528e-01,3.738054547432967945e-01,2.775823275162180859e-01,0.000000000000000000e+00,0.000000000000000000e+00
7.773034350887372490e+00,5.147041547132977790e+00,3.571126193986921660e+00,2.762881606312639793e+00,2.186260803248248674e+00,1.785660992483883103e+00,1.518068192028568575e+00,1.361138705503278867e+00,1.113777395436678530e+00,9.594984946176055018e-01,8.379790428180530215e-01,7.554753733988078812e-01,6.041187578290051485e-01,6.060980730048091125e-01,4.966921468481129698e-01,3.930242577878420573e-01,3.558832754062893899e-01,2.528396130858031055e-01,0.000000000000000000e+00,0.000000000000000000e+00
7.428398256944261036e+00,4.919470861485970126e+00,3.502455642017549664e+00,2.715121013652046500e+00,2.183771127062720030e+00,1.806951262725297491e+00,1.538561600986599220e+00,1.351516306758406394e+00,1.145912456001746182e+00,9.812657354384377584e-01,8.180838707598414583e-01,7.778625297340814315e-01,5.722184829958681940e-01,5.504596608632711385e-01,5.152024131902787074e-01,4.546456519343106129e-01,3.594037034903444505e-01,2.505199836079516906e-01,0.000000000000000000e+00,0.000000000000000000e+00
7.196932349881440594e+00,4.679794581555918320e+00,3.231617415577860530e+00,2.476203585177933597e+00,1.963704285673830041e+00,1.565917240747349393e+00,1.368727029895286051e+00,1.217040993251490955e+00,1.029607340504768098e+00,8.809439282539895943e-01,8.159822680776359638e-01,7.041380507276919776e-01,6.096107465365415701e-01,5.990144788664188980e-01,5.501662496143694403e-01,4.511387433243489453e-01,3.757256882436904588e-01,3.154696089877910281e-01,0.000000000000000000e+00,0.000000000000000000e+00
1.019064941613169600e-01,1.551861130996609606e-01,1.553900375159100733e-01,2.173407437131256725e-01,3.075049534717165245e-01,3.106319784482776680e-01,2.893187147016099137e-01,3.730191604869483868e-01,5.932132180311491254e-01,7.572260390988510004e-01,1.069225391283392668e+00,1.601666129472144373e+00,2.413436909903341032e+00,2.187285077314210291e+00,3.450964933328763085e+00,4.304229331783613333e+00,4.360210201560509979e+00,3.859090241318786862e+00,0.000000000000000000e+00,0.000000000000000000e+00
4.815973215386879502e+00,2.880456894283076608e+00,1.976615718279198575e+00,1.575097987552055656e+00,1.276194323760742266e+00,1.075158647191428729e+00,8.782308833430216843e-01,8.005469188162800398e-01,7.107085209564631967e-01,6.301394102928693508e-01,5.962947343644262599e-01,5.932961040514189710e-01,5.461607493409613712e-01,5.593463516914335409e-01,4.872656223220100946e-01,4.999849703916716126e-01,4.870992312665219925e-01,6.958888433554213382e-01,0.000000000000000000e+00,0.000000000000000000e+00
1.057527715037821225e-01,1.527686159616108708e-01,1.353424788211643193e-01,2.065380931862389191e-01,2.947999048960808222e-01,2.865254236931914500e-01,2.341883607809979173e-01,3.230376721492956293e-01,5.044966471229956895e-01,5.692059436413557938e-01,8.005705150747960408e-01,1.306768213446586557e+00,1.899526987866210437e+00,1.712813062662761565e+00,2.651938436225276696e+00,3.065038125106459788e+00,3.162944614065070326e+00,2.682264886222174294e+00,0.000000000000000000e+00,0.000000000000000000e+00
1.295083561226211266e-01,1.890491816251565760e-01,2.906160320510804418e-01,3.556075163840795583e-01,4.176495968136251236e-01,5.182804187100492621e-01,5.753153104408030849e-01,6.624425863541555382e-01,6.280142984356890112e-01,6.745253316265052979e-01,6.416893523000640753e-01,8.773285924093684462e-01,1.208588068128704229e+00,1.301835810015429251e+00,1.310115517773283500e+00,1.468142240213220040e+00,4.109299690842406205e-01,1.820135930287402060e+00,0.000000000000000000e+00,0.000000000000000000e+00
2.769350887939787675e+00,1.561214219174908324e+00,1.072599566935947601e+00,7.960551868068016512e-01,6.282967355211854787e-01,5.194994075293997149e-01,4.423324302870156322e-01,3.943350647541614684e-01,3.170897346572343345e-01,2.854173923956070391e-01,2.463078343544787274e-01,2.041825333510291496e-01,1.783143567595864287e-01,1.788929501495282459e-01,1.383128235011825968e-01,9.669048024608478675e-02,1.216147883582643641e-01,1.306724605856291188e-01,0.000000000000000000e+00,0.000000000000000000e+00
1.382387816627195898e+00,7.424658860142856476e-01,5.054927551985251011e-01,3.895965181411915057e-01,3.137248661414048789e-01,2.691863585903613298e-01,2.263806803503391751e-01,2.085402912745921156e-01,1.798135166729786238e-01,1.752114809608830148e-01,1.402469523258436934e-01,1.020183443421749242e-01,9.862209508852617934e-02,6.993439303901644033e-02,1.144894251533952606e-01,1.625702634189352958e-01,1.308959169435003345e-01,3.247481268991966319e-01,0.000000000000000000e+00,0.000000000000000000e+00
1.215608011920509712e+00,6.660612058665864588e-01,4.662865968337241429e-01,3.329863369363869063e-01,2.594311030026949516e-01,2.232430903300139102e-01,1.978272781290610904e-01,1.650653773263294488e-01,1.300160746714071058e-01,1.062078467941629800e-01,1.088630189382423091e-01,8.655880967416842986e-02,5.410193131041187570e-02,9.710963600629538006e-02,4.319062146505329991e-02,5.786399206436679959e-02,7.776945676594274048e-02,0.000000000000000000e+00,0.000000000000000000e+00,0.000000000000000000e+00
1.129914881542032762e-01,1.881754420228275992e-01,1.529867827732983576e-01,2.264335707460217451e-01,2.903595545858081439e-01,2.794742038847071730e-01,1.548079401727025239e-01,1.788483180046993859e-01,2.301108373944512064e-01,1.702139001601817303e-01,1.463416001042394943e-01,4.327211260375025126e-01,2.805588273786153719e-01,1.412855049057109291e-01,1.676207452096116213e-01,8.115988497339758634e-02,4.035690739993983422e-01,1.012904871995113365e-01,0.000000000000000000e+00,0.000000000000000000e+00
9.210075612820334268e-03,1.225951732179707265e-02,1.503260364511210812e-02,1.746309267293415929e-02,2.113230301806076281e-02,3.049573753237150991e-02,3.194560808163609406e-02,4.204530042045300647e-02,6.231821374766455257e-02,8.118292367361429340e-02,1.717009391361852544e-01,2.011197953507637137e-01,2.199132499485856318e-01,3.012459398126324794e-01,3.194734857573783837e-01,3.424245764155385841e-01,3.917276340803041434e-01,5.087720654754080973e-01,0.000000000000000000e+00,0.000000000000000000e+00
4.093051773729517416e-03,4.146867749913633189e-03,4.034034746526821841e-03,4.929156432466872718e-03,6.151467963556958053e-03,1.583634612725150215e-02,7.373141663422811201e-03,9.640727123434297482e-03,2.618412342338846677e-02,1.869465410632704938e-02,7.733897870516055761e-02,1.139776070098780653e-01,1.896488866453530653e-01,2.105759348412373499e-01,2.156103246152264175e-01,2.372173181166898903e-01,2.777937797236144091e-01,6.363516867572353020e-01,0.000000000000000000e+00,0.000000000000000000e+00
