6.213080579940187143e+00,2.968840517154790692e+00,2.769100093633352966e+00,2.706590211342159602e+00,3.413002958303898104e+00,4.288079169819203784e+00,7.408731447800708025e+00,1.098592701685485196e+01,1.419494572821431433e+01,1.931734320375663572e+01,2.423954744552604268e+01,2.740284479120327532e+01,2.893119622745629371e+01,3.184441261456685979e+01,3.214455135377041728e+01,2.945017002354171964e+01,3.108169269065399476e+01,2.768166089965397703e+00,0.000000000000000000e+00,0.000000000000000000e+00
1.198840779258939904e+01,1.760617195673690460e+01,1.912838974581977425e+01,2.026346836506501958e+01,1.974297767459221475e+01,1.824236293391613017e+01,1.689503092992054434e+01,1.525855015545737281e+01,1.385449146427429312e+01,1.224143967048915549e+01,1.063820147899810387e+01,9.907492956461235067e+00,9.063887425690420940e+00,8.327468724385457932e+00,7.732826135600805451e+00,7.643212137065131806e+00,7.388549445575922192e+00,3.344867358708189187e+00,0.000000000000000000e+00,0.000000000000000000e+00
2.367020995762051605e+00,4.461753156840208234e+00,4.642381601319508277e+00,5.132958723055662809e+00,5.666418490466822000e+00,7.516734392062619285e+00,8.051840462725953884e+00,8.024382261495663471e+00,7.753893410712183965e+00,7.875355225116983604e+00,7.241365818298637791e+00,6.833886550548084138e+00,6.588908119497328464e+00,6.379314627300651352e+00,6.478406802416648347e+00,7.082396024064870232e+00,5.989288677679716066e+00,1.130334486735870847e+01,0.000000000000000000e+00,0.000000000000000000e+00
4.141558343194155611e+00,5.909887375733887005e+00,6.631556941275635886e+00,6.871267843516465135e+00,6.766837274180334205e+00,6.465425723620562337e+00,5.773264068578315644e+00,5.227213222058582964e+00,4.750787241048513465e+00,4.072700138227564715e+00,3.474471734908844756e+00,3.329569174964924994e+00,3.101311861940953651e+00,2.770579257775091619e+00,2.616245245021257659e+00,2.501700235417211537e+00,2.621256694576450386e+00,3.056516724336793445e+00,0.000000000000000000e+00,0.000000000000000000e+00
3.076752502858519644e+00,5.221796381566981005e+00,5.499760824430230066e+00,5.869426735231715320e+00,5.663014161814857061e+00,5.295820312519154527e+00,4.928558011194603239e+00,4.552364588447062488e+00,4.147978731118399764e+00,3.732801680426418134e+00,3.153424945273775482e+00,2.869885592398681240e+00,2.780244312338525425e+00,2.577116157894591808e+00,2.562094428283732572e+00,2.437876013601883329e+00,2.398732744964924279e+00,5.940023068050749977e+00,0.000000000000000000e+00,0.000000000000000000e+00
9.074846084483378927e-02,3.529518648038264261e-02,3.133207221258859504e-02,1.840021560607000770e-02,1.423470980406261466e-01,6.996547451336520007e-01,1.698509937230376687e+00,2.698249059073801526e+00,3.942564985277492884e+00,5.313132276054087555e+00,6.732715676926846804e+00,7.220112012227811071e+00,8.141319888629693580e+00,8.594894892408573739e+00,8.061311255314388191e+00,8.389223123201674071e+00,7.678962057780794659e+00,2.306805074971164937e-01,0.000000000000000000e+00,0.000000000000000000e+00
2.817171818432943287e+00,4.252809815364685164e+00,4.601411868846345676e+00,4.977715239547590542e+00,5.135708657169295144e+00,5.387025262300041639e+00,5.013381826510947548e+00,4.760186548846342625e+00,4.419605125358256004e+00,3.791807263768106395e+00,3.236003369034944566e+00,3.050565194082286880e+00,2.830411116963905016e+00,2.558901372456484413e+00,2.660997986126650172e+00,2.789432382945330691e+00,2.794749943426114491e+00,2.998846597462514474e+00,0.000000000000000000e+00,0.000000000000000000e+00
8.920040845117976902e-02,3.309178232502482664e-02,2.866139527291149472e-02,1.722457766936003054e-02,1.363206028751895449e-01,6.516005242813565079e-01,1.552998294425871117e+00,2.454508263786614464e+00,3.582377687882847717e+00,4.831554673850336101e+00,6.149106567352897734e+00,6.566289110175774546e+00,7.537562394963252643e+00,7.854988229384864518e+00,7.426717386439919188e+00,7.590897201150928808e+00,7.135852757034019334e+00,3.460207612456747128e-01,0.000000000000000000e+00,0.000000000000000000e+00
1.522944613357782417e+00,2.207720474791518228e+00,2.380685935310495438e+00,2.492599408584962539e+00,2.858424357452200582e+00,3.262048002243838063e+00,3.083305549297086223e+00,2.840533464244804573e+00,2.705921930889211069e+00,2.350197315328138359e+00,2.108941739995346065e+00,1.974472162337884473e+00,1.825820854340682864e+00,1.730956579815257967e+00,1.766838218840903973e+00,1.794402301857180193e+00,1.504865354152523205e+00,3.575547866205305514e+00,0.000000000000000000e+00,0.000000000000000000e+00
1.851337041445697107e+00,2.508319999797305133e+00,2.702042879169721523e+00,2.737255590800544258e+00,2.951059281543044310e+00,2.795701402840004235e+00,2.584637845121881217e+00,2.333578792341679087e+00,2.202135209318746956e+00,1.943239587322510786e+00,1.743001941931511478e+00,1.715771823563631449e+00,1.604083577896505908e+00,1.468498080547989026e+00,1.637950324457372986e+00,1.737902171069840351e+00,1.836765482386663706e+00,3.460207612456747572e+00,0.000000000000000000e+00,0.000000000000000000e+00
1.977068227329440875e+00,2.911076942511149568e+00,3.104990938809227607e+00,3.368637378331353016e+00,3.192574280880450477e+00,2.861604334294581164e+00,2.544179293463107339e+00,2.341269841269841390e+00,2.029768350829559864e+00,1.674345062679050811e+00,1.610382228958461504e+00,1.387719718486580156e+00,1.278501015877793634e+00,1.084883659957553981e+00,1.085253971805773210e+00,1.248234370912895574e+00,1.214452741947650294e+00,1.730103806228373786e+00,0.000000000000000000e+00,0.000000000000000000e+00
1.794632697030568158e+00,2.545479257144232399e+00,2.838915072328172862e+00,2.879542358728825135e+00,2.922561652808612909e+00,2.619322798344385195e+00,2.352750405522057164e+00,2.173294059891997865e+00,1.849912449523257063e+00,1.566031192422302487e+00,1.445637243898772351e+00,1.342321687255472185e+00,1.196979958361552132e+00,1.117449488468108987e+00,1.060192436786753234e+00,1.098613654198273615e+00,1.131477709889115113e+00,1.787773933102652757e+00,0.000000000000000000e+00,0.000000000000000000e+00
1.821018027933774430e+00,2.666218565747679570e+00,2.760062368047634163e+00,2.871293134551070381e+00,2.876260218675864788e+00,2.610619100179810914e+00,2.357727449575318879e+00,2.127147766323024047e+00,1.884385821221094437e+00,1.603505490477747930e+00,1.475497272440841057e+00,1.320421129475641386e+00,1.217799182281084525e+00,1.037138843581909997e+00,1.086596554038934848e+00,1.061993199058331117e+00,1.127706117522818241e+00,1.672433679354094593e+00,0.000000000000000000e+00,0.000000000000000000e+00
6.405840804940313715e-01,3.299314944907656977e-01,3.278159179796406586e-01,3.264519326104576291e-01,3.576853103988007487e-01,5.543887968939320565e-01,6.620003756865511235e-01,7.224676812305678153e-01,7.897968329670042031e-01,7.368301674673785051e-01,7.090212294506372803e-01,6.796016836053793142e-01,6.514159580605513034e-01,6.126791465545077253e-01,6.162452450212575483e-01,6.947423489406225894e-01,8.636946518820245444e-01,2.652825836216839761e+00,1.785714285714285765e+01,0.000000000000000000e+00
6.634137794783395714e-01,3.279181169771430704e-01,3.274724069964575213e-01,3.227867084548323717e-01,3.655005206186594524e-01,5.652990664241726027e-01,6.767709580381670031e-01,7.303223694976271885e-01,8.065580240338837692e-01,7.366658065109948916e-01,7.207593096361400997e-01,6.720733668685624496e-01,6.534226302455664603e-01,5.961202507016831742e-01,6.046095323338555039e-01,6.706774784200889572e-01,8.448366900505392962e-01,2.537485582468281375e+00,1.785714285714285765e+01,0.000000000000000000e+00
1.060559288190517702e+00,1.550834569863837720e+00,1.672371126169793998e+00,1.712025215161500968e+00,2.033499747945045399e+00,2.371966148253155549e+00,2.227628588355108352e+00,2.066764850270005116e+00,1.965219934167747429e+00,1.738445835668628536e+00,1.539541885382795350e+00,1.412814107609303260e+00,1.332430330850076450e+00,1.244952986534857864e+00,1.287536361602148238e+00,1.315197488883076193e+00,1.033416308365391778e+00,2.998846597462514474e+00,0.000000000000000000e+00,0.000000000000000000e+00
1.455433233706113105e+00,2.148613140324178161e+00,2.393439385334025893e+00,2.459879132564933624e+00,2.396031899136473964e+00,2.250457618383779668e+00,2.056000843421658786e+00,1.949108165603010923e+00,1.684321391678128110e+00,1.484508158056070171e+00,1.289953233017366196e+00,1.202021238978430162e+00,1.037198685629718842e+00,9.678674625975940415e-01,9.295144327590064703e-01,8.537797541198012263e-01,8.825526137135097926e-01,1.672433679354094593e+00,0.000000000000000000e+00,0.000000000000000000e+00
9.746472689292261515e-01,1.426149946222460496e+00,1.541411192468381319e+00,1.660277387325477028e+00,1.895922556716211460e+00,2.247368418471846319e+00,2.120648899511339724e+00,1.969972181312387605e+00,1.862988556029333331e+00,1.663004156688586921e+00,1.469731197963751956e+00,1.341637294824852500e+00,1.269972659091479272e+00,1.252956452863723147e+00,1.257104497650481045e+00,1.306827099136803616e+00,1.025873123632797812e+00,2.652825836216839761e+00,0.000000000000000000e+00,0.000000000000000000e+00
1.206222870789183332e+00,1.952578037155094925e+00,2.148733772553249821e+00,2.289154769671781775e+00,2.279028136616029432e+00,2.107618898646292926e+00,1.896842466922725734e+00,1.792014400261823015e+00,1.560336127261423567e+00,1.404957455166440106e+00,1.263594035407815896e+00,1.177383111476120403e+00,1.004590262623222152e+00,9.565522170981638483e-01,8.981875139852315559e-01,8.318074810358356830e-01,8.787810213472128096e-01,1.845444059976931950e+00,0.000000000000000000e+00,0.000000000000000000e+00
1.259420469150477118e+00,1.832775288428771132e+00,2.001401428047729691e+00,2.147396544849500710e+00,2.038551746019900524e+00,1.874482375133804002e+00,1.711514471692125339e+00,1.576092292587137900e+00,1.437420726104306823e+00,1.301410052644814241e+00,1.113058305309524876e+00,9.852969692821863523e-01,9.320992299395489677e-01,8.243570318731147095e-01,8.377713134929514194e-01,7.208998168977243104e-01,7.580900656257071324e-01,1.960784313725490113e+00,0.000000000000000000e+00,0.000000000000000000e+00
1.241893256996642769e+00,1.837684310006929556e+00,1.957383640371675115e+00,2.026340414954746816e+00,2.102842909337983901e+00,1.938350357440043803e+00,1.760856779402958150e+00,1.586237931598756257e+00,1.440630315883071111e+00,1.197533928210421372e+00,1.037275612182067874e+00,9.809624838882615716e-01,8.869491057767076025e-01,8.685140874806468458e-01,8.386663683150592519e-01,8.014648182055976733e-01,8.863242060798068866e-01,1.787773933102652757e+00,0.000000000000000000e+00,0.000000000000000000e+00
1.231584857583742476e+00,1.834051181594707147e+00,1.999625814937473489e+00,2.100810656693568479e+00,2.077614974789054880e+00,1.887329523973907630e+00,1.719220862484272860e+00,1.616593028964163015e+00,1.492578120820846621e+00,1.293356365782021289e+00,1.023684150914643487e+00,9.987566870843741507e-01,9.729851757092331521e-01,7.912392401674656073e-01,8.292682926829267887e-01,7.627517656290870862e-01,7.580900656257071324e-01,1.557093425605536430e+00,0.000000000000000000e+00,0.000000000000000000e+00
1.057945523938495613e+00,1.707244593787287101e+00,1.886523614178720720e+00,1.995640457909988452e+00,1.870162495466504815e+00,1.741499674162961586e+00,1.637661559934046052e+00,1.534609720176730585e+00,1.356111118375614710e+00,1.234186421483949303e+00,1.067753434418110325e+00,9.513054785614071251e-01,9.220658690144730718e-01,8.577508051763108599e-01,7.827254419333183888e-01,7.564739733193827087e-01,7.995775816549747228e-01,1.787773933102652757e+00,0.000000000000000000e+00,0.000000000000000000e+00
1.041216780914019591e+00,1.723451151660986724e+00,1.850300139092919016e+00,1.996475259638156530e+00,1.908167881999173199e+00,1.742357785249609714e+00,1.633059132099847099e+00,1.500736377025036816e+00,1.359201834458868996e+00,1.181426554484835245e+00,1.072077990275927206e+00,9.633964115023554431e-01,9.085208317656207067e-01,8.505752836400868322e-01,8.194226896397404092e-01,7.983259220507454845e-01,8.297503205853511421e-01,1.441753171856978044e+00,0.000000000000000000e+00,0.000000000000000000e+00
6.039261998123043318e-01,2.451977100522826636e-01,2.408108755770803078e-01,2.254557424677173794e-01,3.073576646023356007e-01,4.631593296534260995e-01,5.535757385692550159e-01,6.087383406971035305e-01,6.608188733388886682e-01,6.017254613201142854e-01,5.679583359932783848e-01,5.294916104894547004e-01,5.239922743120877247e-01,4.848996668902117446e-01,4.681136719624077180e-01,4.614177347632749115e-01,6.336275175379044722e-01,1.903114186851211143e+00,1.142857142857142883e+01,0.000000000000000000e+00
9.398112014855045659e-01,1.620425040733568078e+00,1.623355495597567977e+00,1.781560741359258682e+00,1.792818200066689016e+00,1.530575969064850161e+00,1.383725280012244596e+00,1.359433807887416190e+00,1.168766174252195311e+00,1.148225641295361532e+00,1.050249279755518517e+00,9.761717368739235567e-01,8.794240850829005973e-01,7.862715714116182975e-01,7.948086820317744605e-01,7.491498822913942313e-01,8.071207663875687999e-01,1.730103806228373564e-01,0.000000000000000000e+00,0.000000000000000000e+00
4.560399398821185502e-02,6.880774208353535037e-02,7.423707783044462827e-02,7.978531072999804630e-02,9.940511440435564894e-02,3.488098979926574916e-01,6.885446106372810071e-01,9.697267223040418882e-01,1.308680513867210848e+00,1.508340496731682467e+00,1.631181283322247433e+00,1.640944917815875703e+00,1.669049589886372198e+00,1.647610137356041005e+00,2.094875811143432465e+00,2.505885430290347937e+00,2.625028286942747258e+00,0.000000000000000000e+00,0.000000000000000000e+00,0.000000000000000000e+00
3.340534112621822149e-02,5.107644663210353375e-02,5.735665782585512573e-02,6.051571580938621547e-02,7.772255413892315001e-02,2.998975660537138155e-01,5.958003381178960112e-01,8.362788414334806353e-01,1.119433590615634966e+00,1.275605382492599693e+00,1.405480653790473156e+00,1.373347477443566111e+00,1.441543130910276638e+00,1.348446085615011114e+00,1.680465428507496028e+00,2.136541982736070988e+00,1.161650448819491643e+00,3.748558246828142870e+00,0.000000000000000000e+00,0.000000000000000000e+00
4.901101287731903233e-01,7.832762439008235100e-01,7.880770917992462321e-01,8.853739180673223519e-01,8.698412319848666252e-01,9.408575128606334603e-01,1.009269610757693503e+00,1.027655048273604876e+00,8.598134396222669729e-01,1.058813281022719544e+00,1.047366242516973855e+00,9.426365077735573417e-01,9.165475205056814456e-01,8.491953756523514807e-01,8.919221302304766175e-01,8.119278053884384505e-01,9.768424228709361445e-01,1.211072664359861495e+00,0.000000000000000000e+00,0.000000000000000000e+00
1.348956560541754390e+00,9.529157416441214057e-01,9.432666452722220374e-01,8.278960902036363034e-01,6.991311396762708297e-01,4.431040476854782861e-01,3.389206450463159714e-01,3.030600556373752030e-01,2.584314140382701908e-01,1.140665037301719087e-01,6.507426909857721986e-02,5.155756310668537651e-02,6.270850578172423861e-02,8.307046086166974819e-02,1.006936674871335841e-01,1.035835731101229368e-01,1.320057328203967650e-01,9.227220299884659749e-01,3.571428571428571619e+00,0.000000000000000000e+00
1.050384510142122307e+00,7.454926133024802892e-01,5.232059328507633333e-01,4.248893813615349235e-01,4.353245193918189315e-01,3.869590651590717467e-01,3.959158269465727908e-01,4.197349042709867528e-01,4.573071066261386597e-01,4.199422435599268200e-01,3.443170187747503497e-01,3.193831342892014535e-01,2.944791431509770074e-01,3.033037757042360560e-01,3.137167151488028383e-01,3.567878629348679165e-01,4.676774534208342771e-01,1.384083044982698851e+00,7.142857142857143016e-01,0.000000000000000000e+00
1.618930379879673032e+00,1.083943635564372787e+00,1.214287134637968668e+00,8.722393749004659913e-01,7.110559067057516947e-01,5.696141393170318645e-01,4.473452821636120236e-01,4.026345933562428536e-01,4.133238392875186462e-01,2.828652059360602933e-01,1.981058445342762375e-01,1.640260525385255908e-01,1.698146336569092141e-01,1.509619338582503245e-01,1.476840456477959140e-01,1.527596128694742317e-01,1.734932488496643277e-01,6.920415224913494256e-01,0.000000000000000000e+00,0.000000000000000000e+00
2.277559862697204063e-01,1.657710982508319164e-01,1.630128951603995457e-01,1.698895611649840764e-01,1.629846383997116399e-01,2.001115054063450083e-01,2.089288170315517779e-01,2.112583865161184737e-01,2.453553075321939780e-01,1.918092360995830026e-01,1.534187673368355431e-01,1.400723174668354887e-01,1.336945343266360553e-01,1.134284365918480503e-01,1.230700380398299376e-01,1.192780538843839916e-01,1.621784717507731843e-01,5.190311418685120692e-01,5.000000000000000000e+00,0.000000000000000000e+00
1.688136469520184590e+00,1.393528706057922629e-03,5.854201262697992115e-04,1.778275870653745611e-04,1.089000498724530808e-01,4.546272537061817887e-01,5.151508178139645455e-01,4.301260022909507708e-01,3.626836450003506629e-01,4.174768292141738391e-01,3.447288812373995870e-01,3.348960293832483615e-01,2.952316452203576636e-01,3.416652177632795717e-01,2.555381517117923384e-01,2.291394193042113614e-01,3.997887908274873614e-01,2.306805074971164937e-01,0.000000000000000000e+00,0.000000000000000000e+00
1.621866790841109296e+00,9.492192710179871984e-01,6.647518106536496330e-01,5.065517610661119940e-01,4.084809712453476571e-01,3.427050505476464948e-01,2.770554522982437429e-01,2.470954017345770026e-01,2.297828534204122697e-01,1.073277045184470452e-01,4.633452704803758121e-02,3.764158368408445504e-02,4.841096646349110633e-02,3.725751566885519839e-02,3.893488476169165019e-02,2.197227308396547049e-02,8.674662442483216385e-02,5.767012687427912621e-01,0.000000000000000000e+00,0.000000000000000000e+00
1.337761697442382713e+00,8.325429129925920879e-01,6.082998930229387424e-01,4.741871402202137986e-01,3.719180968533424836e-01,3.341484571407836723e-01,2.889896547055275655e-01,2.534773359515627433e-01,2.247901582090013617e-01,1.939459285325689508e-01,1.686576784548567964e-01,1.533039044588166977e-01,1.326911982341284768e-01,1.101166574212831539e-01,9.353322891027075758e-02,8.998168977243002631e-02,9.428980915742626867e-02,3.460207612456747128e-01,0.000000000000000000e+00,0.000000000000000000e+00
2.775706827686711953e-01,3.773205193844367256e-01,3.819745369338896634e-01,4.204387520297043213e-01,4.256244266414938582e-01,4.030915535880566503e-01,3.954341775220635569e-01,3.739977090492554446e-01,3.289235154755720258e-01,3.237910840755600095e-01,2.880977926231314545e-01,2.440999669210325296e-01,2.593623799132114272e-01,2.105739589284186530e-01,2.483777131349295120e-01,2.134449385299503066e-01,2.640114656407935301e-01,5.190311418685120692e-01,0.000000000000000000e+00,0.000000000000000000e+00
1.066174644557393192e+00,6.590169179814248102e-01,5.890971452447170131e-01,4.337017262316635313e-01,3.635066482820097367e-01,2.293363172716186282e-01,1.809931504100174560e-01,1.678939617083946845e-01,1.736744691397942852e-01,8.826183357795722162e-02,7.990131775394924973e-02,6.342036523742713983e-02,7.349436877618080455e-02,7.975868169110483796e-02,8.771537256656970760e-02,1.161391577295317751e-01,1.169193633552085693e-01,4.036908881199538501e-01,7.142857142857143016e-01,0.000000000000000000e+00
1.125681778569453506e+00,7.754399071511730579e-01,5.450600048372151729e-01,4.309799762185240191e-01,3.483570652225132513e-01,3.161036068615543093e-01,2.736839063266792715e-01,2.367043037146129847e-01,1.911489023797325049e-01,1.783316376761333033e-01,1.577433231946523684e-01,1.334565239708448703e-01,1.204003311009105293e-01,1.012852462997767267e-01,8.368762586708436424e-02,7.742610515302118801e-02,7.920343969223805902e-02,2.306805074971164937e-01,0.000000000000000000e+00,0.000000000000000000e+00
4.706731088242375738e-01,3.232081709284213011e-01,6.633148703437147242e-02,8.963992284653755915e-02,1.625615015051171675e-01,1.598293192531197171e-01,1.942117512826591896e-01,2.154311896579937935e-01,2.134971571355718800e-01,2.205724034667012889e-01,2.055193688619622316e-01,2.007551129817837510e-01,1.981588782702485840e-01,1.926351550878587504e-01,2.304766166927724458e-01,2.940099398378236972e-01,3.847024213622991518e-01,8.650519031141868931e-01,7.142857142857143016e-01,0.000000000000000000e+00
1.242127909148944109e+00,7.837151149543546413e-01,5.513351280088840678e-01,4.541074418474152496e-01,3.514664802812757505e-01,3.016137882270101267e-01,2.510998999774695095e-01,2.221404025527736747e-01,2.089799567062000929e-01,1.579508790845752242e-01,1.262358448019868240e-01,1.215937218401031139e-01,1.013369453432663575e-01,8.472635044695220330e-02,7.294696800179011065e-02,8.056500130787340452e-02,9.051821679112921626e-02,1.730103806228373564e-01,0.000000000000000000e+00,0.000000000000000000e+00
6.828442813119506294e-01,6.268119266511641419e-01,7.969309664362191903e-01,5.970264856408175058e-01,4.454349267065992324e-01,3.164713687558320943e-01,2.448919740615729812e-01,2.061855670103092675e-01,1.791426591332443419e-01,1.074920654748305893e-01,6.548613156122644330e-02,4.676681609234735471e-02,4.239094990844557986e-02,4.415705560753208775e-02,4.922801521593197366e-02,4.603714360449908533e-02,5.657388549445575843e-02,5.767012687427912343e-02,7.142857142857143016e-01,0.000000000000000000e+00
1.059718451311438381e+00,7.052793563562372858e-01,5.277296338264845232e-01,4.163536571823969745e-01,2.995745102078249955e-01,2.435809613099776672e-01,2.192040047544149828e-01,1.916216658484699853e-01,1.854429649952628878e-01,1.411860615334548374e-01,1.219112889441699848e-01,1.076777424175021924e-01,9.180525246444427856e-02,8.776214801997002379e-02,6.578652942492727029e-02,8.370389746272560716e-02,7.920343969223805902e-02,6.920415224913494256e-01,0.000000000000000000e+00,0.000000000000000000e+00
6.820392940672505011e-01,5.307353614786316509e-01,6.472424268770347044e-01,4.505805280372853217e-01,3.491520496911453275e-01,3.234833622067282977e-01,3.004422076883021542e-01,2.395679921453117422e-01,2.207484525616686954e-01,1.617311810813964745e-01,1.565077358067047120e-01,1.300345618177463081e-01,1.118719743145960288e-01,1.084607678360006988e-01,9.219064667710896721e-02,1.192780538843839916e-01,1.093761786226144644e-01,4.613610149942329874e-01,0.000000000000000000e+00,0.000000000000000000e+00
7.132024035159235664e-01,3.653126454043142401e-01,5.512190116202024814e-01,3.756163207788373870e-01,2.376554779654988236e-01,2.412027677269814041e-01,2.059318872790500132e-01,1.783668793978072376e-01,1.655910578451289805e-01,1.367483157110994663e-01,1.114087961466147941e-01,1.010619489215115879e-01,8.929691223317530457e-02,7.837877370336945870e-02,6.310136495860371730e-02,6.696311797018048018e-02,6.034547786075281084e-02,4.036908881199538501e-01,7.142857142857143016e-01,0.000000000000000000e+00
2.854934519665088682e-03,5.126194882998786652e-03,7.107290623887066623e-03,5.547232785400433956e-03,7.828032549997952089e-03,3.067134198276618567e-02,5.956397883097262758e-02,6.111929307805596262e-02,1.125733896477653512e-01,1.081495093003647101e-01,1.015240970430334455e-01,1.069933499868824800e-01,1.153836506383725952e-01,1.012852462997767267e-01,1.767733273663011917e-01,2.249542244310750727e-01,2.376103190767141771e-01,1.211072664359861495e+00,2.142857142857142794e+00,0.000000000000000000e+00
1.054947190881313057e+00,6.884755718942271452e-01,4.998617005428973581e-01,4.045972778152971960e-01,3.142817228775180993e-01,2.350488853627333563e-01,1.885925079967183671e-01,1.706758304696449069e-01,1.579831413325027967e-01,1.173537228578425684e-01,9.122753547680287345e-02,7.208933602527689555e-02,6.321017382797802786e-02,6.651156500884521094e-02,5.504587155963303058e-02,7.637980643473711584e-02,7.920343969223805902e-02,3.460207612456747128e-01,0.000000000000000000e+00,0.000000000000000000e+00
1.133549143786886759e+00,7.126406265015498009e-01,5.179323135314733983e-01,4.133207088918930960e-01,3.216866185329215755e-01,2.311015743641519349e-01,1.707714792898774869e-01,1.576665030273277646e-01,1.356348865766634215e-01,9.910965669927039590e-02,7.084034357566634799e-02,7.733634466002806129e-02,5.794265934231319221e-02,5.823211708243294232e-02,5.638845379279480707e-02,6.800941668846455235e-02,8.297503205853511143e-02,2.883506343713956310e-01,0.000000000000000000e+00,0.000000000000000000e+00
1.998812660109355599e-01,3.136434966277510394e-01,3.349570758835598294e-01,3.479097947830128157e-01,3.382723025680113849e-01,3.247582701068912336e-01,3.337295345821610915e-01,3.203240058910162280e-01,2.925481646495781685e-01,2.536089556997914163e-01,2.553547268425181982e-01,2.361153885638024863e-01,1.505004138761381616e-01,1.967748790510648882e-01,1.646900872678451477e-01,1.977504577556892518e-01,1.848080259485554711e-01,5.767012687427912343e-02,0.000000000000000000e+00,0.000000000000000000e+00
8.016825602218453639e-01,5.715820405639918667e-01,1.625339150570878910e-01,1.508867076249703065e-01,2.861238858917760641e-01,2.210494159205595166e-01,2.281412774091970408e-01,2.245949926362297566e-01,1.910300286842227246e-01,1.799752472399686332e-01,2.110795121077267411e-01,1.980175432593048734e-01,1.976572102239947948e-01,1.744203696497517442e-01,1.718505258447080020e-01,1.632226000523149256e-01,1.772648412159613662e-01,1.730103806228373564e-01,0.000000000000000000e+00,0.000000000000000000e+00
5.505232808177471515e-01,2.839857671855117727e-01,4.655106022245867892e-01,3.220556394857858606e-01,2.083564535973656262e-01,2.151897430717336634e-01,1.823845820808218388e-01,1.606938307969235924e-01,1.364670024452319108e-01,1.175180838142260986e-01,9.287498532739976720e-02,7.437064412734262220e-02,7.374520279930769917e-02,6.016398826526247329e-02,4.520026851644663030e-02,6.068532566047606797e-02,5.657388549445575843e-02,3.460207612456747128e-01,7.142857142857143016e-01,0.000000000000000000e+00
1.050198743854883765e-01,4.071999465753669873e-04,2.902909717040326744e-05,0.000000000000000000e+00,6.353464583986871521e-03,4.114029723987343012e-01,5.033771652148504305e-01,4.337260677466863168e-01,3.808713204133475916e-01,4.112311128715995800e-01,4.262776488419457444e-01,3.745907903591919608e-01,3.321042466200115340e-01,2.867448798514115049e-01,2.027299172074289446e-01,1.422966256866335377e-01,4.148751602926755572e-02,0.000000000000000000e+00,0.000000000000000000e+00,0.000000000000000000e+00
7.372998759341925501e-01,3.685521472015138578e-01,5.545815487091074747e-01,3.773698983735098711e-01,2.396942284576358828e-01,2.340681869779926427e-01,1.883249249831021321e-01,1.561119293078055970e-01,1.510884669929353497e-01,1.083138702567482542e-01,6.898696249374483558e-02,7.642382141920177341e-02,6.697268417488147496e-02,5.795613548488586647e-02,4.833296039382412035e-02,5.963902694219199579e-02,4.903070076186166054e-02,4.036908881199538501e-01,0.000000000000000000e+00,0.000000000000000000e+00
7.062508335039993090e-01,3.654212320567343797e-01,5.531010647534169156e-01,3.690169414366334943e-01,2.362642551453927320e-01,2.356127869339592895e-01,1.998309945685999844e-01,1.750122729504172692e-01,1.553679200312875486e-01,1.303382384121416770e-01,1.035834093562795627e-01,9.558680947655386062e-02,9.280858855695187093e-02,7.120325216714550043e-02,5.862609084806444382e-02,6.487052053361234971e-02,4.148751602926755572e-02,2.883506343713956310e-01,0.000000000000000000e+00,0.000000000000000000e+00
9.574752940615145480e-01,6.592974335001767772e-01,4.596709155104740097e-01,3.671250534964657919e-01,2.880472354126600854e-01,1.705434491064121427e-01,1.166661939366759465e-01,1.071019473081328693e-01,8.986851380539662149e-02,6.114227577467427899e-02,3.850914025770234284e-02,3.764158368408445504e-02,3.060175082148142503e-02,3.670555247376104668e-02,3.401208324009845352e-02,3.662045513994245660e-02,4.903070076186166054e-02,3.460207612456747128e-01,0.000000000000000000e+00,0.000000000000000000e+00
8.276376955124992163e-02,6.083114757450899107e-02,4.927205426389781595e-02,3.907267260241979734e-02,1.744029233886930930e-01,3.108813879628099519e-01,4.273835893478413195e-01,3.430698739977090517e-01,3.555512232697636277e-01,3.081767932191243897e-01,1.921338388258624907e-01,1.838734330264973904e-01,1.999147164321368464e-01,1.553776394190035381e-01,1.548444842246587683e-01,2.207690295579387840e-01,1.546352870181790795e-01,4.036908881199538501e-01,0.000000000000000000e+00,0.000000000000000000e+00
7.136456353591592583e-01,3.662582541691392635e-01,5.532316956906837557e-01,3.699110190271566179e-01,2.372772192263916391e-01,2.361276535859481718e-01,2.013294594448508668e-01,1.706758304696449069e-01,1.582208887235223571e-01,1.272153802408545475e-01,1.023478219683318924e-01,9.239297813366184609e-02,7.826021521559184402e-02,6.789147299658059020e-02,5.280823450436339384e-02,5.650013078733978622e-02,3.017273893037640542e-02,1.730103806228373564e-01,0.000000000000000000e+00,0.000000000000000000e+00
1.961496449778116768e-01,3.041376400971416150e-01,3.200457963036960063e-01,3.447681740781911586e-01,3.338742433302566148e-01,2.972251629552953300e-01,2.744866553675279208e-01,2.488954344624447756e-01,2.271676321191970216e-01,1.743869747229285228e-01,1.608322916645215372e-01,1.330002623504317472e-01,1.281761858178443458e-01,1.134284365918480503e-01,1.083016334750503407e-01,1.067224692649751533e-01,1.018329938900203735e-01,1.153402537485582469e-01,0.000000000000000000e+00,0.000000000000000000e+00
1.034884431859557141e+00,6.734725160848503700e-01,4.963007979566612105e-01,3.946735105260100740e-01,2.872714844392368905e-01,1.429122721163422205e-01,1.150606958549785647e-01,9.711994763541155484e-02,1.057975890037076705e-01,5.275986699911409256e-02,3.603796548180700221e-02,3.581653720243187233e-02,3.060175082148142503e-02,3.394573649829029510e-02,2.327142537480420686e-02,3.138896154852210268e-02,2.640114656407935301e-02,5.767012687427912343e-02,0.000000000000000000e+00,0.000000000000000000e+00
9.710231967992403179e-01,5.548144516527884207e-01,3.914718898914732459e-01,2.999259842065392090e-01,2.344755400909705745e-01,1.567401193411864513e-01,1.237839020988676375e-01,1.110292914416625698e-01,1.167339689906077838e-01,5.949866621083894913e-02,4.200997119022073512e-02,4.288859231883562079e-02,3.060175082148142503e-02,3.642957087621397083e-02,3.624972029536809026e-02,3.975935129479466618e-02,2.640114656407935301e-02,1.730103806228373564e-01,0.000000000000000000e+00,0.000000000000000000e+00
8.058378587521798364e-01,5.500230656147515607e-01,3.833872863295159639e-01,3.080813549355651548e-01,2.452398862428514792e-01,1.588976557876160267e-01,1.241050017152071222e-01,1.062837506136475180e-01,9.783305140455214599e-02,7.215445985237098347e-02,5.642515738294354155e-02,5.087317067606565713e-02,5.392931497228284354e-02,5.298846672903850807e-02,5.370328932647124714e-02,4.499084488621501315e-02,6.034547786075281084e-02,1.730103806228373564e-01,0.000000000000000000e+00,0.000000000000000000e+00
4.847261655009452164e-01,3.889030956425805208e-01,2.657710609607653596e-01,1.938518285220433013e-01,2.097733210777501800e-01,1.856707216910378488e-01,1.863983272850652795e-01,1.647029945999018141e-01,1.367047498362514713e-01,1.262292145025533385e-01,1.103791399899917425e-01,8.783036192953039278e-02,8.854441016379462071e-02,8.500233204449927915e-02,8.771537256656970760e-02,1.119539628563955003e-01,9.806140152372332108e-02,2.883506343713956310e-01,0.000000000000000000e+00,0.000000000000000000e+00
8.508552223596386188e-01,6.054791738944657054e-01,3.775330850668179861e-01,3.138953291015636471e-01,2.369630721379805682e-01,1.501204052441865444e-01,1.116356332806908297e-01,8.967435771559482960e-02,8.665892402663245841e-02,5.095189647889523249e-02,4.839383936128369146e-02,3.148205180850699447e-02,4.013344370030350744e-02,3.725751566885519839e-02,3.266950100693667702e-02,3.662045513994245660e-02,4.903070076186166054e-02,5.767012687427912343e-02,0.000000000000000000e+00,0.000000000000000000e+00
3.802147041121095028e-01,4.073537776662954912e-01,2.730041443390575084e-01,3.084913463168547643e-01,3.369516025636710710e-01,2.287478982407742112e-01,1.642959703603647514e-01,1.534936998854524726e-01,1.250551276762926489e-01,9.779476904820214034e-02,6.795730633712178392e-02,6.478915009866657859e-02,6.070183359670906081e-02,7.423904974016332092e-02,7.965987916759902088e-02,6.173162437876013320e-02,9.428980915742626867e-02,1.730103806228373564e-01,0.000000000000000000e+00,0.000000000000000000e+00
4.236774972105725217e-05,2.714666310502446649e-05,2.902909717040326744e-05,2.963793117756242685e-05,3.205582534806696032e-05,1.225872980925906883e-04,2.675830136162292406e-04,4.090983472426771498e-04,5.943684775489195288e-04,6.574438255341320076e-04,1.029656156623057293e-03,1.140654051032862241e-03,1.254170115634484607e-03,1.379907987735377742e-03,1.790109644215708137e-03,4.185194873136280011e-03,1.508636946518820271e-02,1.153402537485582469e-01,2.857142857142857206e+00,0.000000000000000000e+00
7.502318167721275799e-01,6.080400091140396590e-01,4.310820929804885515e-01,3.320979584997832412e-01,2.405533245769640727e-01,1.113337841276908491e-01,7.727797433236700819e-02,6.144657175585010317e-02,5.111568906920707644e-02,2.301053389369462146e-02,1.153214895417824237e-02,1.231906375115491246e-02,1.028419494820277495e-02,1.324711668225962702e-02,1.476840456477959349e-02,1.150928590112477133e-02,3.771592366297050331e-02,1.730103806228373564e-01,0.000000000000000000e+00,0.000000000000000000e+00
1.153054603946927423e-02,1.509354468639360382e-02,1.442746129369042347e-02,1.498197421025780629e-02,1.241201557477152745e-02,2.905318964794399023e-02,5.373066913413882678e-02,7.723776795941744711e-02,1.128111370387849255e-01,1.318174870195934767e-01,1.540365610308093713e-01,1.856984795081499662e-01,1.858680111370306365e-01,1.846316887589935507e-01,2.295815618706645855e-01,3.557415642165838165e-01,2.715546503733876627e-01,9.227220299884659749e-01,0.000000000000000000e+00,0.000000000000000000e+00
4.108009603530419773e-01,4.041866669707093185e-01,4.456546997600309701e-01,2.850032858586365458e-01,2.340395808662368848e-01,1.713525252738232474e-01,1.464749416535238713e-01,1.256750122729504149e-01,1.490676141692690027e-01,6.426513394596140849e-02,3.995065887697462487e-02,4.015102259635675019e-02,2.934758070584694151e-02,3.698153407130812254e-02,2.998433654061311363e-02,3.766675385822652183e-02,3.394433129667345783e-02,2.306805074971164937e-01,0.000000000000000000e+00,0.000000000000000000e+00
5.120338097250020093e-01,4.312428411987170307e-01,1.140553227825144428e-01,1.675778025331342291e-01,1.876996797430712793e-01,1.628940017054344991e-01,1.467425246671401062e-01,1.309932907871052266e-01,1.147131161669414645e-01,1.170250009450754941e-01,1.093494838333686908e-01,1.245594223727885530e-01,9.933027315825118664e-02,1.068048782507182437e-01,1.154620720519131810e-01,9.939837823698666197e-02,9.806140152372332108e-02,5.767012687427912343e-02,0.000000000000000000e+00,0.000000000000000000e+00
4.243456040330969015e-01,2.341399692808360244e-01,4.521765702576482221e-02,5.291852611753770919e-02,1.061496600575889265e-01,8.796864511124306840e-02,8.856997750697187533e-02,8.672884961544755078e-02,7.940762860053564298e-02,8.234483914815003691e-02,7.372338081421089817e-02,6.433288847825342771e-02,6.396267589735871173e-02,7.561895772789870018e-02,7.921235175654509075e-02,9.416688464556631499e-02,1.320057328203967650e-01,2.883506343713956310e-01,7.142857142857143016e-01,0.000000000000000000e+00
2.360959148494269633e-01,2.740500884890728073e-01,2.606135580301570664e-01,2.547380184711490747e-01,2.705191101123370911e-01,2.111933971539152188e-01,1.763907225758183095e-01,1.643757159221076736e-01,1.546546778582288395e-01,1.012463491322563303e-01,7.084034357566634799e-02,5.132943229647880107e-02,6.295933980485113324e-02,6.043996986280954914e-02,6.533900201387335405e-02,5.022233847763536707e-02,6.034547786075281084e-02,1.730103806228373564e-01,0.000000000000000000e+00,0.000000000000000000e+00
4.633825968145449115e-01,3.169915850773706856e-01,4.856084138322293298e-02,7.342303483721465684e-02,1.490724101986505845e-01,1.156978919397870786e-01,1.167197105393991963e-01,1.104565537555228238e-01,9.581219858088582675e-02,9.467191087691501084e-02,1.015240970430334455e-01,9.125232408262898276e-02,7.725687912308425165e-02,8.721018482487587209e-02,9.219064667710896721e-02,8.788909233586188197e-02,1.244625480878026741e-01,1.153402537485582469e-01,0.000000000000000000e+00,0.000000000000000000e+00
4.384508056325381320e-01,2.836102383458922738e-01,3.053957785983658635e-01,2.389113632223307249e-01,1.788650942771440322e-01,1.521553543925235341e-01,1.128129985406022412e-01,1.096383570610374725e-01,9.604994597190538719e-02,7.905762002047937720e-02,4.942349551790675005e-02,4.699494690255392321e-02,5.367848094915594198e-02,4.332911081489086019e-02,4.206757663906914024e-02,2.929636411195396181e-02,4.148751602926755572e-02,5.767012687427912343e-02,0.000000000000000000e+00,0.000000000000000000e+00
4.540453965875580478e-01,3.223711488160163618e-01,4.644171728978349623e-02,6.703606066844994271e-02,1.489890650527456173e-01,1.146681586358093141e-01,1.108328842398421527e-01,1.089019800360006562e-01,9.557445118986625243e-02,9.319266226946321119e-02,9.802326611051505323e-02,8.714596949891068034e-02,8.603606993252564672e-02,8.555429523959341698e-02,9.711344819870217082e-02,9.102798849071409848e-02,1.244625480878026741e-01,1.153402537485582469e-01,0.000000000000000000e+00,0.000000000000000000e+00
7.078673261087412016e-02,5.329794856286470400e-02,5.513593189231927316e-02,5.041906058822994557e-02,8.721748960702058184e-02,1.309722692821238821e-01,1.211080719627053437e-01,1.131566028473244973e-01,9.676318814496409626e-02,9.763040809181861013e-02,8.731484208163525773e-02,8.281148410498580248e-02,7.876188326184563326e-02,7.451503133771039677e-02,7.786976952338330038e-02,6.487052053361234971e-02,8.297503205853511143e-02,1.730103806228373564e-01,7.142857142857143016e-01,0.000000000000000000e+00
4.779505846032469085e-01,2.225030996964822150e-01,1.680542817023262525e-01,1.898605871234649023e-01,1.340382281104071927e-01,5.467393494929544129e-02,4.158240031596202591e-02,3.550973654066437446e-02,3.613760343497430388e-02,2.679083589051587874e-02,2.327022913968109646e-02,1.642541833487321662e-02,1.881255173451727020e-02,1.959469342584236468e-02,1.924367867531886350e-02,2.197227308396547049e-02,2.262955419778230406e-02,5.767012687427912343e-02,7.142857142857143016e-01,0.000000000000000000e+00
4.483322684905570177e-01,3.152541986386491191e-01,4.595306082074837595e-02,7.212390552059816384e-02,1.473349844647853513e-01,1.128293491644204588e-01,1.147395962386390939e-01,1.080019636720667697e-01,9.284035619314122412e-02,9.319266226946321119e-02,9.122753547680287345e-02,8.030204519271350039e-02,8.302606165500288349e-02,8.362242405676389989e-02,9.174311926605505096e-02,8.475019618100967933e-02,1.282341404540997265e-01,5.767012687427912343e-02,0.000000000000000000e+00,0.000000000000000000e+00
4.534652843221466390e-02,1.042431863232939557e-02,5.022033810479765298e-03,3.650405190036438638e-03,2.224033162648885592e-02,3.890920841458828106e-02,3.697997248176287943e-02,3.722794959908361928e-02,3.459224539334711246e-02,3.254346936393953671e-02,3.253713454928860993e-02,2.988513613706099067e-02,3.561843128401936259e-02,2.704619655961340574e-02,2.685164466323562357e-02,2.197227308396547049e-02,2.262955419778230406e-02,1.730103806228373564e-01,1.428571428571428603e+00,0.000000000000000000e+00
1.264514376290016510e-03,1.845973091141663762e-03,1.490160321414034416e-03,1.427560351719256828e-03,1.711781073586775672e-03,5.197701439125844945e-03,9.151339065675039713e-03,1.055473735886107087e-02,1.509695932974255451e-02,1.561429085643563537e-02,2.079905436378575584e-02,2.212868859003752631e-02,2.357839817392831314e-02,2.621825176697217819e-02,3.714477511747594357e-02,4.812974104106722273e-02,1.056045862563174120e-01,1.672433679354094593e+00,0.000000000000000000e+00,0.000000000000000000e+00
2.657109719044459806e-01,2.584588549790871048e-01,3.372165072799895857e-01,2.624735185084928757e-01,2.325265459098081189e-01,1.403134213967792976e-01,8.145226934478018432e-02,9.360170184912453006e-02,7.096759621934098372e-02,3.550196657884312906e-02,4.386335227214224058e-02,2.600691236354926023e-02,2.583590438207038556e-02,2.483834377923679892e-02,2.729917207428955023e-02,3.452785770337431226e-02,4.148751602926755572e-02,0.000000000000000000e+00,0.000000000000000000e+00,0.000000000000000000e+00
3.963959254478824912e-01,2.289278099646713249e-01,1.828204157963380372e-01,1.568291128260715928e-01,1.447961630972184610e-01,1.283979360221794708e-01,1.249612673587790490e-01,1.188839797087219707e-01,1.107902842151185924e-01,6.525129968426260363e-02,3.336085947458705681e-02,2.851635127582155538e-02,3.160508691398901393e-02,3.201386531546076414e-02,3.580219288431416708e-02,3.662045513994245660e-02,4.903070076186166054e-02,0.000000000000000000e+00,0.000000000000000000e+00,0.000000000000000000e+00
3.321370853517220390e-01,1.129979851746643477e-01,7.429513602478543532e-02,5.230600887320142195e-02,5.043663560264855655e-02,4.844650020619183789e-02,5.667408228391734859e-02,6.962853870070365159e-02,8.451919750745635895e-02,9.417882800776440633e-02,9.287498532739976720e-02,9.969316406027216304e-02,9.606943085760152878e-02,9.107392719053493402e-02,1.212799283956142310e-01,1.349725346586450325e-01,1.772648412159613662e-01,1.153402537485582469e-01,0.000000000000000000e+00,0.000000000000000000e+00
2.489398611302490183e-01,1.106452743722288884e-01,5.690186863685214175e-02,3.058140532004816406e-02,3.674238701395435291e-02,3.089199911933284901e-02,3.569557401640498229e-02,3.608247422680412042e-02,3.066941344152424725e-02,3.221474745117246935e-02,3.603796548180700221e-02,3.125392099830042597e-02,3.712343542278074421e-02,4.636490838790869456e-02,5.773103602595659051e-02,4.603714360449908533e-02,6.788866259334691566e-02,1.153402537485582469e-01,7.142857142857143016e-01,0.000000000000000000e+00
3.122177248674834482e-03,6.605688022222620630e-03,6.328343183147912797e-03,4.914956920279102762e-03,1.062971168541900456e-02,4.187582102842897502e-02,5.522913401038971604e-02,6.651939126165930249e-02,1.412219502656232861e-01,1.134090599046377740e-01,1.651568475223383903e-01,1.612884828160467132e-01,1.931421978077106361e-01,1.101166574212831539e-01,1.570821212799284050e-01,1.538059115877583038e-01,1.998943954137436807e-01,1.730103806228373564e-01,0.000000000000000000e+00,0.000000000000000000e+00
3.392450901318471157e-01,2.233446462527379772e-01,3.954246852895098446e-02,6.648281928646877781e-02,1.126185256128288403e-01,8.644856261489494709e-02,8.386051646732624321e-02,8.321060382916052600e-02,7.025435404628228853e-02,6.705927020448146370e-02,6.033785077811115727e-02,5.269821715771823289e-02,4.590262623222213928e-02,5.768015388733879062e-02,6.623405683598120042e-02,7.951870258958933235e-02,1.093761786226144644e-01,5.767012687427912343e-02,0.000000000000000000e+00,0.000000000000000000e+00
2.650852328316427031e-01,1.110750965380584432e-01,6.297862631118988919e-02,4.250573296382077759e-02,5.446925843143538004e-02,3.957117982428826758e-02,3.275216086662646048e-02,3.428244149893634740e-02,3.423562430681776486e-02,2.218872911177695653e-02,1.400332373007357953e-02,1.437224104301406367e-02,1.680587954950209587e-02,1.821478543810698542e-02,2.819422689639740354e-02,1.883337692911326092e-02,5.657388549445575843e-02,1.153402537485582469e-01,7.142857142857143016e-01,0.000000000000000000e+00
8.020540927963223238e-03,1.142874516721530120e-02,1.153422794237356566e-02,1.174156040151098056e-02,9.321834011217871446e-03,2.316899933949963936e-02,3.879953697435323950e-02,6.111929307805596262e-02,8.618342924459332366e-02,1.091356750386659191e-01,1.157333520044316333e-01,1.450911952913800651e-01,1.437278952517119512e-01,1.335750932127845736e-01,1.843812933542179344e-01,2.845932513732670754e-01,1.885796183148525373e-01,1.153402537485582469e-01,0.000000000000000000e+00,0.000000000000000000e+00
2.330975817922444626e-01,9.710361392667252178e-02,4.442419503644046835e-02,2.660992254225479775e-02,3.212634816383271030e-02,2.228637079323298603e-02,2.472467045813958250e-02,2.601865488463426732e-02,2.520122344807418716e-02,2.136692432985929160e-02,2.038719190113653587e-02,1.710981076549293253e-02,1.981588782702485910e-02,3.228984691300783999e-02,4.385768628328485380e-02,4.185194873136280358e-02,6.034547786075281084e-02,1.730103806228373564e-01,7.142857142857143016e-01,0.000000000000000000e+00
2.125068554278106425e-01,1.022433821412238181e-01,6.965048047752091243e-02,5.131807783394934375e-02,5.838648028896915865e-02,4.812777323115109696e-02,3.799678793350454858e-02,3.313696612665684854e-02,2.983729757295575796e-02,2.284617293731108778e-02,1.832787958789041868e-02,1.802233400631922389e-02,1.755838161888278667e-02,1.241917188961839946e-02,1.342582233161781179e-02,1.255558461940884177e-02,1.508636946518820271e-02,1.730103806228373564e-01,7.142857142857143016e-01,0.000000000000000000e+00
8.515917693932508262e-03,1.256890501762632749e-02,1.119555514205219406e-02,1.111422419158590927e-02,9.026920418015655853e-03,2.209023111628484123e-02,4.094020108328307039e-02,5.915562101129111239e-02,8.309271316133894081e-02,1.068346216492964545e-01,1.171748706237039223e-01,1.382472709851829129e-01,1.442295632979657405e-01,1.266755532741076773e-01,1.866189304094875712e-01,2.584357834161652989e-01,2.036659877800407470e-01,5.767012687427912343e-02,0.000000000000000000e+00,0.000000000000000000e+00
3.171682334695054561e-01,1.932661435323708710e-01,1.049450244538695509e-01,1.266626385425092816e-01,1.301658844083606881e-01,8.061340722568763328e-02,7.850885619500165558e-02,7.257404680085093041e-02,7.001660665526271421e-02,4.947264787144343284e-02,2.862444115412099421e-02,3.125392099830042597e-02,3.060175082148142503e-02,4.250116602224963958e-02,4.296263146117700049e-02,3.557415642165838443e-02,7.920343969223805902e-02,5.767012687427912343e-02,0.000000000000000000e+00,0.000000000000000000e+00
2.607246136680446496e-05,1.809777540334964546e-05,2.902909717040326744e-05,1.481896558878121342e-05,1.282233013922678481e-05,4.903491923703627396e-05,1.070332054464916908e-04,1.636393388970708437e-04,3.566210865293517173e-04,3.287219127670660038e-04,4.118624626492228954e-04,4.562616204131449181e-04,5.016680462537939081e-04,5.519631950941511619e-04,8.950548221078540685e-04,2.092597436568140006e-03,7.543184732594101355e-03,1.153402537485582469e-01,1.428571428571428603e+00,0.000000000000000000e+00
9.777173012551674359e-06,1.357333155251223325e-05,9.676365723467755814e-06,9.879310392520808385e-06,1.282233013922678481e-05,7.355237885555440756e-05,1.070332054464916908e-04,1.636393388970708437e-04,2.377473910195678115e-04,3.287219127670660038e-04,4.118624626492228954e-04,4.562616204131449181e-04,5.016680462537939081e-04,5.519631950941511619e-04,8.950548221078540685e-04,2.092597436568140006e-03,7.543184732594101355e-03,1.153402537485582469e-01,1.428571428571428603e+00,0.000000000000000000e+00
6.518115341701116239e-06,9.048887701674822729e-06,9.676365723467755814e-06,9.879310392520808385e-06,1.282233013922678481e-05,4.903491923703627396e-05,1.070332054464916908e-04,1.636393388970708437e-04,2.377473910195678115e-04,3.287219127670660038e-04,4.118624626492228954e-04,4.562616204131449181e-04,5.016680462537939081e-04,5.519631950941511619e-04,8.950548221078540685e-04,2.092597436568140006e-03,7.543184732594101355e-03,1.153402537485582469e-01,1.428571428571428603e+00,0.000000000000000000e+00
4.585950410960654144e-01,2.073371639084752027e-01,2.675418358881599956e-01,1.981443888875936143e-01,1.129070280409614491e-01,6.543709972182490398e-02,4.853955866998398150e-02,4.230076910489281861e-02,5.099681537369729623e-02,1.840842711495569578e-02,1.441518619272280297e-02,7.756447547023463500e-03,1.178919908696415657e-02,9.107392719053492708e-03,9.398075632132468424e-03,1.046298718284070089e-02,1.885796183148525165e-02,0.000000000000000000e+00,0.000000000000000000e+00,0.000000000000000000e+00
8.714720211854392121e-03,1.291276275028997202e-02,1.048434226137731282e-02,1.070423281029629636e-02,8.924341776901842035e-03,2.071725337764782418e-02,3.890657017979973209e-02,5.907380134184257725e-02,8.023974446910413227e-02,1.000958224375716049e-01,1.149096270791332003e-01,1.407567098974552011e-01,1.535104221536609248e-01,1.310912588348608909e-01,1.821436562989482977e-01,2.490190949516086771e-01,2.262955419778230337e-01,0.000000000000000000e+00,0.000000000000000000e+00,0.000000000000000000e+00
3.291517885252229769e-01,1.374254575253355259e-01,8.399085447970011664e-02,5.399537095032248130e-02,7.310010412373189881e-02,8.451168330503201764e-02,7.695687471602752350e-02,7.478317787596137911e-02,5.753486862673540952e-02,6.673054829171440328e-02,5.766074477089121186e-02,5.634831012102339137e-02,5.367848094915594198e-02,5.823211708243294232e-02,5.862609084806444382e-02,5.022233847763536707e-02,1.018329938900203735e-01,5.767012687427912343e-02,0.000000000000000000e+00,0.000000000000000000e+00
8.278006483960417827e-04,5.022132674429526013e-04,1.596600344372179692e-04,1.086724143177288939e-04,3.226098263029458790e-02,1.117750984008241827e-01,1.413908643948155186e-01,1.188021600392734356e-01,8.689667141765203273e-02,9.697296426628447541e-02,1.254121198766883771e-01,1.298064310075397187e-01,1.236611734015601871e-01,9.880141192185304400e-02,1.253076750950995744e-01,9.939837823698666197e-02,9.051821679112921626e-02,5.767012687427912343e-02,0.000000000000000000e+00,0.000000000000000000e+00
1.021551626928107470e-01,5.045207338068797426e-02,4.722550291338438455e-02,4.707491402036165229e-02,4.759007831174021097e-02,4.513664315769188445e-02,3.954876941247868066e-02,3.411880216003927019e-02,2.995617126846554165e-02,2.695519684689941242e-02,1.565077358067046981e-02,2.326934264107038963e-02,1.755838161888278667e-02,1.987067502338944053e-02,1.611098679794137345e-02,1.674077949254512004e-02,1.131477709889115203e-02,5.767012687427912343e-02,7.142857142857143016e-01,0.000000000000000000e+00
8.825528172663310578e-02,4.285553215513195763e-02,4.024884322676412773e-02,4.009518122804570095e-02,4.384595791108598928e-02,4.503857331921781726e-02,4.013745204243438641e-02,3.665521191294387332e-02,3.304688735171992103e-02,2.909188927988534332e-02,2.347616037100570471e-02,2.304121183086381766e-02,2.232422805829382614e-02,2.097460141357774394e-02,1.879615126426493685e-02,1.987967564739733309e-02,1.885796183148525165e-02,5.767012687427912343e-02,7.142857142857143016e-01,0.000000000000000000e+00
3.577630558176200237e-01,1.143010250037055225e-01,1.358900420375194207e-01,1.077585781064207271e-01,9.999494159076006972e-02,6.053360779812127362e-02,4.313438179493615104e-02,3.919162166584846951e-02,3.197702409213187130e-02,2.810572354158414471e-02,2.512361022160259846e-02,4.015102259635675019e-02,2.483256828956279666e-02,2.235450940131311973e-02,2.729917207428955023e-02,3.348155898509024009e-02,4.525910839556460813e-02,1.153402537485582469e-01,0.000000000000000000e+00,0.000000000000000000e+00
3.275352959204810670e-03,3.456675102039782205e-03,3.270611614532101512e-03,3.872689673868156927e-03,4.141612634970251103e-03,1.424464403835903718e-02,3.906711998796946750e-02,3.436426116838488254e-02,4.719285711738421124e-02,1.022325148705575254e-01,9.719954118521660635e-02,1.031151262133707530e-01,6.822685429051596195e-02,5.574828270450926659e-02,1.150145446408592509e-01,1.245095474758043386e-01,2.300671343441201000e-01,2.883506343713956310e-01,0.000000000000000000e+00,0.000000000000000000e+00
9.048773623116573850e-02,4.000060808525355421e-02,3.529454397634863849e-02,3.406386223341174857e-02,3.909528459450246213e-02,4.074801788597714330e-02,3.665887286542340168e-02,3.321878579610538368e-02,2.662770779419159489e-02,2.564030919583114992e-02,2.121091682643497928e-02,1.916298805735208721e-02,1.981588782702485910e-02,1.711085904791868548e-02,1.700604162004922676e-02,1.674077949254512004e-02,1.885796183148525165e-02,0.000000000000000000e+00,7.142857142857143016e-01,0.000000000000000000e+00
2.695566599560496671e-02,1.777201544608935160e-02,1.324694467542735822e-02,8.916077629250030237e-03,1.032197576207756137e-02,1.228324726887758574e-02,2.504577007447905679e-02,3.673703158239240846e-02,2.579559192562310560e-02,6.705927020448146370e-02,7.969538652262463108e-02,6.068279551494826923e-02,7.700604509995735703e-02,8.196653447148144478e-02,9.800850302081003107e-02,1.056761705466910811e-01,1.508636946518820132e-01,3.460207612456747128e-01,0.000000000000000000e+00,0.000000000000000000e+00
2.681454879845713846e-01,1.558444684420946247e-01,1.253282888503543802e-01,8.504604351401538753e-02,9.444928380554448721e-02,7.938753424476172049e-02,7.663577509968805268e-02,7.494681721485844939e-02,6.454841666181265758e-02,4.207640483418444849e-02,2.471174775895337503e-02,2.440999669210325296e-02,2.458173426643589857e-02,2.014665662093651638e-02,2.371895278585813352e-02,2.406487052053361136e-02,3.394433129667345783e-02,0.000000000000000000e+00,0.000000000000000000e+00,0.000000000000000000e+00
9.921549267370353975e-02,4.966934459449309780e-02,2.892265714744512300e-02,3.004298290365577800e-02,4.080065450301962465e-02,3.653101483159202495e-02,3.018336393591065578e-02,2.143675339551628228e-02,1.937641236809477599e-02,1.101218407769671143e-02,9.678767872256738639e-03,8.897101598056325958e-03,4.515012416284144847e-03,1.407506147490085284e-02,1.566345938688744679e-02,1.464818205597698091e-02,1.885796183148525165e-02,0.000000000000000000e+00,7.142857142857143016e-01,0.000000000000000000e+00
1.180984728186116745e-01,4.901782467997251036e-02,3.347054903747496979e-02,2.602704322909607168e-02,2.655504571833866914e-02,1.385236468446274585e-02,9.793538298353990021e-03,1.071837669775814114e-02,1.414596976566428327e-02,8.875491644710782266e-03,4.118624626492229171e-03,6.159531875577456232e-03,4.765846439411042072e-03,6.071595146035662673e-03,1.208324009845603009e-02,1.046298718284070089e-02,3.771592366297050677e-03,0.000000000000000000e+00,7.142857142857143016e-01,0.000000000000000000e+00
2.471995243340148196e-01,1.014018355849680558e-01,5.390703344543886638e-02,2.840795703369358716e-02,3.439590059847584536e-02,2.645433892838106732e-02,3.039743034680364095e-02,3.109147439044346317e-02,2.674658148970137858e-02,3.155730362563833463e-02,3.583203425048239049e-02,2.942887451664784673e-02,3.812677151528833658e-02,4.608892679036161871e-02,5.146565227120161040e-02,4.394454616793094098e-02,4.148751602926755572e-02,1.153402537485582469e-01,0.000000000000000000e+00,0.000000000000000000e+00
5.572988617154454351e-04,4.524443850837411195e-05,2.322327773632261395e-04,4.445689676634364027e-05,5.308444677639888309e-02,1.159921014552093010e-01,1.145255298277461087e-01,9.417443953526427602e-02,6.597490100793006185e-02,7.692092758749344283e-02,6.260309432268187924e-02,6.410475766804685227e-02,6.897935635989665970e-02,4.719285318054992212e-02,4.788543298277019716e-02,3.766675385822652183e-02,1.621784717507731843e-01,0.000000000000000000e+00,0.000000000000000000e+00,0.000000000000000000e+00
6.278900508660685553e-02,4.357039428356426769e-02,3.164655409860129415e-02,3.694862086802782469e-02,2.410598066174635470e-02,1.243035202658869520e-02,1.086387035281890720e-02,7.772868597610865793e-03,6.419179557528330478e-03,5.752633473423655365e-03,4.324555857816840890e-03,3.650092963305159345e-03,3.511676323776557248e-03,6.899539938676889361e-03,9.398075632132468424e-03,6.277792309704420884e-03,7.543184732594101355e-03,0.000000000000000000e+00,7.142857142857143016e-01,0.000000000000000000e+00
4.099894549930001991e-02,3.972461701035247261e-03,2.138476824886373882e-03,1.926465526541557786e-03,2.077217482554738915e-03,4.462177650570300219e-03,5.672759888664059315e-03,7.445589919816723509e-03,9.272148249763143349e-03,9.697296426628447194e-03,1.009063033490596208e-02,1.323158699198120208e-02,8.026688740060702529e-03,1.490300626754208040e-02,1.834862385321101019e-02,3.034266283023803398e-02,3.017273893037640542e-02,5.767012687427912343e-02,7.142857142857143016e-01,0.000000000000000000e+00
8.210869895940896279e-02,4.692300717703479229e-02,4.543537525454284520e-02,4.816657781873520672e-02,2.190695104286895928e-02,4.878974464085109215e-03,4.013745204243438121e-03,3.763704794632629757e-03,2.258600214685893993e-03,1.643609563835330073e-03,1.029656156623057293e-03,2.281308102065724591e-04,1.003336092507587816e-03,5.519631950941511619e-04,8.950548221078540685e-04,0.000000000000000000e+00,3.771592366297050677e-03,0.000000000000000000e+00,7.142857142857143016e-01,0.000000000000000000e+00
3.607776841631567862e-03,4.044852802648645287e-03,4.335011844113554821e-03,4.425931055849322698e-03,5.584124775633264419e-03,1.983462483138117086e-02,3.901360338524622468e-02,5.162821142202585201e-02,7.298844904300731684e-02,7.626348376195930812e-02,8.587332346236298264e-02,8.737410030911724190e-02,8.428023177063737048e-02,8.058662648374606552e-02,1.020362497202953744e-01,1.203243526026680638e-01,1.169193633552085693e-01,0.000000000000000000e+00,0.000000000000000000e+00,0.000000000000000000e+00
2.152705363326919141e-01,2.058033774430413354e-01,2.855011706709161337e-02,4.633396574092259190e-02,8.191545609445030629e-02,5.190346201240289559e-02,4.142185050779228356e-02,4.311896579937816998e-02,4.410214103412982839e-02,3.320091318947366449e-02,2.079905436378575584e-02,1.460037185322063738e-02,2.458173426643589857e-02,1.655889585282453377e-02,3.624972029536809026e-02,2.825006539366989311e-02,1.508636946518820271e-02,0.000000000000000000e+00,0.000000000000000000e+00,0.000000000000000000e+00
2.574655559971941016e-04,3.438577326636432265e-04,3.725400803535086039e-04,3.556551741307491222e-04,4.744262151513910209e-04,1.691704713677751265e-03,3.585612382457471683e-03,5.481917853051873277e-03,8.321158685684872103e-03,1.068346216492964580e-02,1.400332373007357953e-02,1.505663347363378132e-02,1.705671357262899049e-02,1.683487745037160963e-02,1.879615126426493685e-02,1.674077949254512004e-02,2.262955419778230406e-02,5.767012687427912343e-02,7.142857142857143016e-01,0.000000000000000000e+00
1.303623068340223248e-04,1.583555347793094020e-04,2.806146059805649288e-04,2.667413805980618281e-04,3.462029137591231525e-04,2.549815800325886273e-03,5.993859505003534469e-03,6.627393225331369535e-03,9.747643031802279839e-03,8.053686862793117338e-03,9.266905409607515201e-03,7.756447547023463500e-03,5.267514485664835655e-03,8.555429523959342739e-03,1.163571268740210343e-02,1.255558461940884177e-02,3.771592366297050677e-03,1.153402537485582469e-01,7.142857142857143016e-01,0.000000000000000000e+00
1.853654231449671785e-01,9.126255691524141900e-02,7.996548633873754031e-02,6.450695720796462140e-02,6.112404777369408182e-02,4.543085267311410685e-02,3.253809445573347531e-02,3.068237604320078402e-02,3.304688735171992103e-02,2.859880641073474228e-02,2.121091682643497928e-02,2.075990372879809448e-02,1.856171771139037210e-02,2.125058301112481979e-02,2.550906243007384361e-02,2.092597436568140179e-02,3.771592366297050331e-02,5.767012687427912343e-02,0.000000000000000000e+00,0.000000000000000000e+00
6.518115341701116239e-06,9.048887701674822729e-06,9.676365723467755814e-06,9.879310392520808385e-06,1.282233013922678481e-05,4.903491923703627396e-05,1.070332054464916908e-04,1.636393388970708437e-04,2.377473910195678115e-04,3.287219127670660038e-04,4.118624626492228954e-04,4.562616204131449181e-04,5.016680462537939081e-04,5.519631950941511619e-04,8.950548221078540685e-04,2.092597436568140006e-03,7.543184732594101355e-03,1.153402537485582469e-01,7.142857142857143016e-01,0.000000000000000000e+00
1.882757616450367322e-02,9.523954306012751003e-03,5.926774005624000502e-03,2.771146565102087025e-03,4.237780111014451991e-03,4.437660190951782553e-03,2.836379944332029657e-03,2.372770414007527220e-03,2.139726519176110304e-03,2.301053389369461973e-03,1.647449850596891582e-03,1.825046481652579673e-03,1.755838161888278624e-03,8.279447926412266887e-04,1.790109644215708137e-03,1.046298718284070003e-03,3.771592366297050677e-03,5.767012687427912343e-02,7.142857142857143016e-01,0.000000000000000000e+00
6.518115341701116239e-06,9.048887701674822729e-06,4.838182861733877907e-06,4.939655196260404192e-06,6.411165069613392403e-06,4.903491923703627396e-05,5.351660272324584541e-05,8.181966944853542184e-05,2.377473910195678115e-04,3.287219127670660038e-04,2.059312313246114477e-04,2.281308102065724591e-04,2.508340231268969540e-04,2.759815975470755810e-04,4.475274110539270342e-04,0.000000000000000000e+00,3.771592366297050677e-03,1.153402537485582469e-01,7.142857142857143016e-01,0.000000000000000000e+00
1.303623068340223248e-05,9.048887701674822729e-06,9.676365723467755814e-06,1.481896558878121342e-05,1.923349520884017552e-05,4.903491923703627396e-05,1.605498081697375498e-04,1.636393388970708437e-04,2.377473910195678115e-04,4.930828691505989786e-04,6.177936939738343973e-04,4.562616204131449181e-04,5.016680462537939081e-04,5.519631950941511619e-04,8.950548221078540685e-04,2.092597436568140006e-03,7.543184732594101355e-03,5.767012687427912343e-02,7.142857142857143016e-01,0.000000000000000000e+00
1.955434602510334872e-05,1.357333155251223325e-05,9.676365723467755814e-06,4.939655196260404192e-06,6.411165069613392403e-06,2.451745961851813698e-05,5.351660272324584541e-05,8.181966944853542184e-05,1.188736955097839058e-04,1.643609563835330019e-04,2.059312313246114477e-04,2.281308102065724591e-04,2.508340231268969540e-04,2.759815975470755810e-04,4.475274110539270342e-04,1.046298718284070003e-03,3.771592366297050677e-03,5.767012687427912343e-02,7.142857142857143016e-01,0.000000000000000000e+00
9.777173012551674359e-06,1.357333155251223325e-05,4.838182861733877907e-06,4.939655196260404192e-06,6.411165069613392403e-06,2.451745961851813698e-05,5.351660272324584541e-05,8.181966944853542184e-05,1.188736955097839058e-04,1.643609563835330019e-04,2.059312313246114477e-04,2.281308102065724591e-04,2.508340231268969540e-04,2.759815975470755810e-04,4.475274110539270342e-04,1.046298718284070003e-03,3.771592366297050677e-03,5.767012687427912343e-02,7.142857142857143016e-01,0.000000000000000000e+00
6.518115341701116239e-06,4.524443850837411365e-06,4.838182861733877907e-06,4.939655196260404192e-06,6.411165069613392403e-06,2.451745961851813698e-05,5.351660272324584541e-05,8.181966944853542184e-05,1.188736955097839058e-04,1.643609563835330019e-04,2.059312313246114477e-04,2.281308102065724591e-04,2.508340231268969540e-04,2.759815975470755810e-04,4.475274110539270342e-04,1.046298718284070003e-03,3.771592366297050677e-03,5.767012687427912343e-02,7.142857142857143016e-01,0.000000000000000000e+00
3.259057670850558120e-06,4.524443850837411365e-06,4.838182861733877907e-06,4.939655196260404192e-06,6.411165069613392403e-06,2.451745961851813698e-05,5.351660272324584541e-05,8.181966944853542184e-05,1.188736955097839058e-04,1.643609563835330019e-04,2.059312313246114477e-04,2.281308102065724591e-04,2.508340231268969540e-04,2.759815975470755810e-04,4.475274110539270342e-04,1.046298718284070003e-03,3.771592366297050677e-03,5.767012687427912343e-02,7.142857142857143016e-01,0.000000000000000000e+00
3.259057670850558120e-06,4.524443850837411365e-06,4.838182861733877907e-06,4.939655196260404192e-06,6.411165069613392403e-06,2.451745961851813698e-05,5.351660272324584541e-05,8.181966944853542184e-05,1.188736955097839058e-04,1.643609563835330019e-04,2.059312313246114477e-04,2.281308102065724591e-04,2.508340231268969540e-04,2.759815975470755810e-04,4.475274110539270342e-04,1.046298718284070003e-03,3.771592366297050677e-03,5.767012687427912343e-02,7.142857142857143016e-01,0.000000000000000000e+00
3.259057670850558120e-06,4.524443850837411365e-06,4.838182861733877907e-06,4.939655196260404192e-06,6.411165069613392403e-06,2.451745961851813698e-05,5.351660272324584541e-05,8.181966944853542184e-05,1.188736955097839058e-04,1.643609563835330019e-04,2.059312313246114477e-04,2.281308102065724591e-04,2.508340231268969540e-04,2.759815975470755810e-04,4.475274110539270342e-04,1.046298718284070003e-03,3.771592366297050677e-03,5.767012687427912343e-02,7.142857142857143016e-01,0.000000000000000000e+00
3.259057670850558120e-06,4.524443850837411365e-06,4.838182861733877907e-06,4.939655196260404192e-06,6.411165069613392403e-06,2.451745961851813698e-05,5.351660272324584541e-05,8.181966944853542184e-05,1.188736955097839058e-04,1.643609563835330019e-04,2.059312313246114477e-04,2.281308102065724591e-04,2.508340231268969540e-04,2.759815975470755810e-04,4.475274110539270342e-04,1.046298718284070003e-03,3.771592366297050677e-03,5.767012687427912343e-02,7.142857142857143016e-01,0.000000000000000000e+00
3.259057670850558120e-06,4.524443850837411365e-06,4.838182861733877907e-06,4.939655196260404192e-06,6.411165069613392403e-06,2.451745961851813698e-05,5.351660272324584541e-05,8.181966944853542184e-05,1.188736955097839058e-04,1.643609563835330019e-04,2.059312313246114477e-04,2.281308102065724591e-04,2.508340231268969540e-04,2.759815975470755810e-04,4.475274110539270342e-04,1.046298718284070003e-03,3.771592366297050677e-03,5.767012687427912343e-02,7.142857142857143016e-01,0.000000000000000000e+00
3.259057670850558120e-06,4.524443850837411365e-06,4.838182861733877907e-06,4.939655196260404192e-06,6.411165069613392403e-06,2.451745961851813698e-05,5.351660272324584541e-05,8.181966944853542184e-05,1.188736955097839058e-04,1.643609563835330019e-04,2.059312313246114477e-04,2.281308102065724591e-04,2.508340231268969540e-04,2.759815975470755810e-04,4.475274110539270342e-04,1.046298718284070003e-03,3.771592366297050677e-03,5.767012687427912343e-02,7.142857142857143016e-01,0.000000000000000000e+00
3.259057670850558120e-06,4.524443850837411365e-06,4.838182861733877907e-06,4.939655196260404192e-06,6.411165069613392403e-06,2.451745961851813698e-05,5.351660272324584541e-05,8.181966944853542184e-05,1.188736955097839058e-04,1.643609563835330019e-04,2.059312313246114477e-04,2.281308102065724591e-04,2.508340231268969540e-04,2.759815975470755810e-04,4.475274110539270342e-04,1.046298718284070003e-03,3.771592366297050677e-03,5.767012687427912343e-02,7.142857142857143016e-01,0.000000000000000000e+00
3.259057670850558120e-06,4.524443850837411365e-06,4.838182861733877907e-06,4.939655196260404192e-06,6.411165069613392403e-06,2.451745961851813698e-05,5.351660272324584541e-05,8.181966944853542184e-05,1.188736955097839058e-04,1.643609563835330019e-04,2.059312313246114477e-04,2.281308102065724591e-04,2.508340231268969540e-04,2.759815975470755810e-04,4.475274110539270342e-04,1.046298718284070003e-03,3.771592366297050677e-03,5.767012687427912343e-02,7.142857142857143016e-01,0.000000000000000000e+00
2.281340369595390684e-05,1.357333155251223325e-05,1.935273144693551163e-05,9.879310392520808385e-06,1.282233013922678481e-05,2.451745961851813698e-05,0.000000000000000000e+00,1.636393388970708437e-04,1.188736955097839058e-04,1.643609563835330019e-04,2.059312313246114477e-04,2.281308102065724591e-04,2.508340231268969540e-04,0.000000000000000000e+00,4.475274110539270342e-04,1.046298718284070003e-03,3.771592366297050677e-03,5.767012687427912343e-02,7.142857142857143016e-01,0.000000000000000000e+00
9.777173012551674359e-06,4.524443850837411365e-06,4.838182861733877907e-06,4.939655196260404192e-06,6.411165069613392403e-06,2.451745961851813698e-05,5.351660272324584541e-05,8.181966944853542184e-05,1.188736955097839058e-04,1.643609563835330019e-04,2.059312313246114477e-04,2.281308102065724591e-04,2.508340231268969540e-04,2.759815975470755810e-04,4.475274110539270342e-04,1.046298718284070003e-03,0.000000000000000000e+00,5.767012687427912343e-02,7.142857142857143016e-01,0.000000000000000000e+00
6.518115341701116239e-06,4.524443850837411365e-06,4.838182861733877907e-06,0.000000000000000000e+00,6.411165069613392403e-06,2.451745961851813698e-05,5.351660272324584541e-05,0.000000000000000000e+00,1.188736955097839058e-04,1.643609563835330019e-04,0.000000000000000000e+00,2.281308102065724591e-04,2.508340231268969540e-04,2.759815975470755810e-04,4.475274110539270342e-04,1.046298718284070003e-03,0.000000000000000000e+00,5.767012687427912343e-02,7.142857142857143016e-01,0.000000000000000000e+00
0.000000000000000000e+00,4.524443850837411365e-06,4.838182861733877907e-06,4.939655196260404192e-06,6.411165069613392403e-06,0.000000000000000000e+00,5.351660272324584541e-05,8.181966944853542184e-05,0.000000000000000000e+00,1.643609563835330019e-04,2.059312313246114477e-04,2.281308102065724591e-04,0.000000000000000000e+00,2.759815975470755810e-04,4.475274110539270342e-04,1.046298718284070003e-03,0.000000000000000000e+00,5.767012687427912343e-02,7.142857142857143016e-01,0.000000000000000000e+00
2.171379763780892647e-01,6.672197346829930598e-02,4.733678111920425896e-02,2.951937945285217774e-02,2.872201951186799732e-02,2.299737712217000962e-02,2.798918322425757860e-02,3.060055637375224888e-02,2.745982366276008071e-02,3.073549884372067317e-02,2.800664746014715906e-02,2.714756641458212008e-02,3.486592921463867178e-02,3.780947886394935009e-02,3.848735735063772700e-02,5.022233847763536707e-02,2.262955419778230406e-02,0.000000000000000000e+00,0.000000000000000000e+00,0.000000000000000000e+00
2.009176463502660437e-01,8.813164177046192704e-02,3.707983345232843814e-02,2.154183631089162318e-02,2.711281707939503308e-02,1.603441859051086063e-02,1.519871517340182047e-02,1.685485190639829725e-02,1.688006476238931505e-02,1.610737372558623468e-02,9.678767872256738639e-03,9.809624838882615577e-03,1.279253517947174373e-02,2.180254620621896802e-02,2.953680912955918697e-02,3.348155898509024009e-02,6.411707022704986325e-02,1.153402537485582469e-01,0.000000000000000000e+00,0.000000000000000000e+00
1.291662326688201579e-01,1.002616757345570382e-02,1.100589837387222630e-01,7.136319862037406037e-02,3.388941855797639180e-02,4.675479549251408684e-02,3.355490990747514446e-02,3.019145802650957319e-02,2.995617126846554165e-02,2.383233867561228639e-02,1.482704865537202467e-02,1.961924967776523115e-02,1.705671357262899049e-02,1.435104307244792869e-02,1.521593197583352014e-02,1.674077949254512004e-02,1.885796183148525165e-02,1.153402537485582469e-01,0.000000000000000000e+00,0.000000000000000000e+00
1.570865797349968885e-03,2.379857465540478108e-03,2.477149625207745488e-03,2.652594840391837155e-03,2.218263114086233782e-03,3.702136402396238261e-03,8.937272654782056278e-03,1.120929471444935370e-02,2.020852823666326181e-02,2.333925580646168535e-02,2.409395406497953987e-02,3.307896747995300174e-02,2.709007449770486908e-02,2.759815975470755745e-02,3.177444618482882371e-02,4.917603975935129490e-02,7.543184732594100661e-02,4.036908881199538501e-01,0.000000000000000000e+00,0.000000000000000000e+00
1.852122474344372050e-01,1.352627733646352415e-01,1.279022021327967940e-01,1.241038971508463956e-01,6.599653322660026245e-02,1.929524071977377353e-02,1.637608043331323024e-02,1.399116347569955877e-02,2.068402301870240004e-02,7.889325906409583658e-03,3.912693395167617452e-03,3.193831342892014102e-03,3.511676323776557248e-03,4.967668755847360132e-03,5.370328932647125061e-03,7.324091027988490453e-03,0.000000000000000000e+00,0.000000000000000000e+00,0.000000000000000000e+00,0.000000000000000000e+00
2.669494138193692079e-01,1.057045816871144406e-01,6.809742377890433407e-02,6.096522443224591109e-02,5.436026862525195069e-02,3.388312919279206498e-02,2.135312448657509382e-02,1.791850760922925750e-02,1.438371715668385238e-02,9.697296426628447194e-03,6.589799402387566327e-03,5.247008634751166613e-03,1.153836506383725848e-02,1.103926390188302194e-02,1.253076750950995674e-02,2.406487052053361136e-02,1.508636946518820271e-02,0.000000000000000000e+00,0.000000000000000000e+00,0.000000000000000000e+00
1.890253449093323506e-04,2.488444117960576124e-04,2.564236916718955206e-04,2.568620702055410417e-04,3.269694185502830075e-04,2.451745961851813766e-04,3.746162190627209043e-04,4.909180166912125581e-04,2.377473910195678115e-04,9.861657383011979573e-04,6.177936939738343973e-04,6.843924306197173230e-04,1.755838161888278624e-03,1.655889585282453377e-03,8.950548221078540685e-04,2.092597436568140006e-03,7.543184732594101355e-03,0.000000000000000000e+00,7.142857142857143016e-01,0.000000000000000000e+00
6.518115341701116239e-06,9.048887701674822729e-06,9.676365723467755814e-06,9.879310392520808385e-06,1.282233013922678481e-05,2.451745961851813698e-05,1.070332054464916908e-04,8.181966944853542184e-05,1.188736955097839058e-04,3.287219127670660038e-04,4.118624626492228954e-04,0.000000000000000000e+00,2.508340231268969540e-04,2.759815975470755810e-04,0.000000000000000000e+00,1.046298718284070003e-03,7.543184732594101355e-03,0.000000000000000000e+00,7.142857142857143016e-01,0.000000000000000000e+00
9.777173012551674359e-06,4.524443850837411365e-06,4.838182861733877907e-06,4.939655196260404192e-06,6.411165069613392403e-06,2.451745961851813698e-05,5.351660272324584541e-05,8.181966944853542184e-05,1.188736955097839058e-04,1.643609563835330019e-04,2.059312313246114477e-04,2.281308102065724591e-04,2.508340231268969540e-04,2.759815975470755810e-04,4.475274110539270342e-04,1.046298718284070003e-03,3.771592366297050677e-03,0.000000000000000000e+00,7.142857142857143016e-01,0.000000000000000000e+00
0.000000000000000000e+00,4.524443850837411365e-06,4.838182861733877907e-06,4.939655196260404192e-06,6.411165069613392403e-06,2.451745961851813698e-05,5.351660272324584541e-05,8.181966944853542184e-05,0.000000000000000000e+00,1.643609563835330019e-04,2.059312313246114477e-04,0.000000000000000000e+00,2.508340231268969540e-04,2.759815975470755810e-04,4.475274110539270342e-04,1.046298718284070003e-03,3.771592366297050677e-03,0.000000000000000000e+00,7.142857142857143016e-01,0.000000000000000000e+00
1.303623068340223248e-05,4.524443850837411365e-06,4.838182861733877907e-06,4.939655196260404192e-06,1.282233013922678481e-05,2.451745961851813698e-05,5.351660272324584541e-05,8.181966944853542184e-05,1.188736955097839058e-04,1.643609563835330019e-04,4.118624626492228954e-04,2.281308102065724591e-04,2.508340231268969540e-04,2.759815975470755810e-04,0.000000000000000000e+00,1.046298718284070003e-03,0.000000000000000000e+00,0.000000000000000000e+00,7.142857142857143016e-01,0.000000000000000000e+00
1.807766699444096070e-01,9.275109894216693185e-02,5.986283654823327388e-02,4.706503470996913074e-02,5.660417639961663749e-02,4.459725904608449060e-02,4.206404974047123213e-02,3.837342497136311814e-02,3.043166605050467988e-02,2.711955780328294610e-02,1.235587387947668751e-02,1.163467132053519482e-02,1.128753104071036212e-02,1.269515348716547531e-02,1.163571268740210343e-02,1.778707821082919222e-02,1.885796183148525165e-02,0.000000000000000000e+00,0.000000000000000000e+00,0.000000000000000000e+00
2.022049741302520132e-01,1.327426581397188055e-01,3.075632845204226071e-02,3.363905188653335682e-02,6.220112350538913037e-02,3.444703076401797737e-02,2.820324963515056030e-02,2.814596629029618782e-02,2.543897083909375453e-02,1.512120798728503607e-02,1.482704865537202467e-02,9.353363218469469900e-03,1.354503724885243454e-02,1.435104307244792869e-02,1.297829492056388513e-02,1.360188333769291047e-02,2.262955419778230406e-02,0.000000000000000000e+00,0.000000000000000000e+00,0.000000000000000000e+00
1.503370712986653868e-01,3.496942652312234889e-02,1.045869989221012430e-01,6.352890547910505781e-02,3.055561272177742538e-02,4.349397336325117047e-02,3.050446355225013353e-02,2.610047455408280245e-02,2.722207627174051334e-02,2.761264067243354367e-02,1.565077358067046981e-02,2.144429615941781039e-02,1.655504552637519777e-02,1.462702466999500454e-02,1.253076750950995674e-02,1.150928590112477133e-02,3.771592366297050677e-03,5.767012687427912343e-02,0.000000000000000000e+00,0.000000000000000000e+00
1.846419123420383612e-01,5.547873049896833580e-02,3.279804161969395587e-02,2.206543976169522692e-02,2.411880299188558230e-02,1.956493277557747046e-02,2.386840481456764876e-02,2.593683521518573218e-02,2.389361279746656311e-02,2.514722632668054889e-02,2.532954145292721018e-02,2.737569722478869552e-02,3.060175082148142503e-02,3.642957087621397083e-02,4.027746699485343362e-02,5.336123463248757665e-02,3.771592366297050331e-02,0.000000000000000000e+00,0.000000000000000000e+00,0.000000000000000000e+00
2.127186941764159234e-01,9.783657383050818612e-02,5.967414741662565442e-02,4.004578467608310016e-02,3.907605109929362247e-02,2.755762461121438398e-02,2.022927582938692861e-02,1.939126165930289691e-02,1.569132780729147469e-02,1.397068129260030551e-02,1.317959880477513265e-02,1.277532537156805641e-02,1.354503724885243454e-02,1.931871182829528882e-02,2.506153501901991348e-02,2.615746795710175224e-02,3.017273893037640542e-02,0.000000000000000000e+00,0.000000000000000000e+00,0.000000000000000000e+00
2.989272876857548833e-01,1.040622085692604622e-04,1.306309372668147120e-04,6.421551755138526043e-05,7.218971868384679511e-03,2.694468812075143105e-02,3.077204656586636153e-02,2.945508100147275349e-02,2.127839149625131848e-02,3.352963510224073185e-02,3.006595977339327277e-02,2.486625831251639690e-02,1.630421150324829968e-02,2.318245419395434728e-02,2.058626090848064347e-02,1.674077949254512004e-02,7.543184732594101355e-03,5.767012687427912343e-02,0.000000000000000000e+00,0.000000000000000000e+00
1.235182857252361578e-03,1.416150925312109621e-03,1.146649338230929177e-03,1.047206901607205740e-03,1.230943693365771233e-03,2.500780881088849640e-03,3.532095779734225824e-03,4.090983472426771607e-03,4.398326733862004297e-03,5.423911560656588873e-03,5.560143245764509468e-03,4.790747014338021803e-03,3.762510346903454039e-03,5.243650353394435984e-03,5.817856343701051716e-03,1.150928590112477133e-02,4.525910839556460813e-02,5.190311418685120692e-01,0.000000000000000000e+00,0.000000000000000000e+00
1.137411127126844706e-03,1.407102037610434868e-03,1.606276710095647445e-03,1.733818973887401964e-03,2.025928161997832006e-03,2.500780881088849640e-03,1.070332054464917006e-02,4.172803141875306571e-02,1.081750629139033477e-02,1.084782312131317775e-02,4.571673335406374605e-02,3.307896747995300174e-02,4.715679634785662627e-02,3.228984691300783999e-02,1.342582233161781179e-02,5.126863719591943230e-02,4.903070076186166054e-02,2.306805074971164937e-01,0.000000000000000000e+00,0.000000000000000000e+00
1.478047834884144984e-01,1.116723231263689886e-01,1.070689867301707204e-02,2.210001734806904886e-02,5.240486327901986569e-02,2.915125948641806436e-02,2.681181796434617057e-02,2.798232695139911755e-02,2.413136018848613049e-02,1.906587094048982703e-02,1.317959880477513265e-02,1.414411023280749170e-02,1.479920736448691980e-02,1.324711668225962702e-02,1.432087715372566510e-02,1.883337692911326092e-02,1.885796183148525165e-02,0.000000000000000000e+00,0.000000000000000000e+00,0.000000000000000000e+00
1.292672634566165435e-01,9.642494734904691334e-02,8.694214602535778671e-03,1.635025869962193970e-02,3.899911711845826384e-02,2.613561195334033332e-02,2.509928667720230308e-02,2.880052364588446892e-02,2.508234975256440347e-02,2.202436815539342285e-02,2.409395406497953987e-02,2.509438912272296887e-02,2.533423633581658937e-02,2.345843579150142313e-02,1.790109644215708354e-02,2.301857180224954266e-02,1.885796183148525165e-02,0.000000000000000000e+00,0.000000000000000000e+00,0.000000000000000000e+00
1.766148532987334430e-01,9.139376578691571495e-03,4.160837261091135169e-04,8.792586249343519378e-04,4.141612634970251103e-03,1.066509493405538855e-02,1.257640163996277469e-02,1.309114711176566880e-02,1.224399063750774251e-02,1.429940320536737114e-02,1.626856727464430497e-02,2.304121183086381766e-02,2.132089196578624071e-02,3.228984691300783999e-02,4.430521369433877699e-02,4.499084488621501315e-02,6.411707022704986325e-02,5.767012687427912343e-02,0.000000000000000000e+00,0.000000000000000000e+00
1.623010720083577869e-03,2.266746369269542934e-03,1.320823921253348613e-03,1.743698284279922859e-03,3.795409721211128167e-03,4.560247489044373485e-03,1.225530202362329867e-02,1.849124529536900693e-02,2.187275997380023693e-02,3.089985980010420338e-02,3.459644686253472712e-02,3.718532206367131110e-02,4.841096646349110633e-02,4.332911081489086019e-02,4.296263146117700049e-02,9.102798849071409848e-02,4.148751602926755572e-02,1.153402537485582469e-01,0.000000000000000000e+00,0.000000000000000000e+00
1.412345232239797799e-01,6.449142264983645512e-02,6.443975753543351725e-02,6.967383654325300102e-02,3.392788554839407111e-02,2.782731666701808437e-02,1.155958618822110207e-02,8.263786614302078351e-03,1.057975890037076740e-02,5.752633473423655365e-03,7.207593096361401483e-03,9.353363218469469900e-03,7.525020693806908079e-03,9.107392719053492708e-03,4.922801521593197539e-03,6.277792309704420884e-03,0.000000000000000000e+00,5.767012687427912343e-02,0.000000000000000000e+00,0.000000000000000000e+00
1.417690086819992697e-03,1.366382042952898153e-03,1.045047498134517696e-03,1.066965522392247312e-03,1.237354858435384597e-03,2.672403098418476772e-03,5.298143669601338736e-03,5.645557191948944419e-03,6.181432166508763100e-03,7.231882080875452409e-03,1.009063033490596208e-02,7.528316736816890661e-03,7.023352647553114496e-03,6.899539938676889361e-03,7.607965987916760070e-03,1.464818205597698091e-02,4.525910839556460813e-02,4.036908881199538501e-01,0.000000000000000000e+00,0.000000000000000000e+00
2.229684305512409370e-01,7.691554546423598558e-05,1.016018400964114411e-04,5.433620715886444696e-05,6.859946624486329414e-03,2.454197707813665294e-02,2.911303188144574033e-02,2.667321224022254841e-02,1.771218063095780088e-02,2.892752832350180964e-02,2.883037238544560593e-02,2.007551129817837510e-02,1.329420322572553818e-02,1.849076703565406127e-02,1.834862385321101019e-02,1.778707821082919222e-02,3.771592366297050677e-03,5.767012687427912343e-02,0.000000000000000000e+00,0.000000000000000000e+00
1.598111519478279674e-01,8.238107363604758870e-02,5.066061274521543867e-02,4.592397435963298247e-02,4.149947149560748866e-02,2.368386599148851815e-02,1.867729435041280001e-02,1.701849124529536753e-02,1.985190715013391075e-02,9.368574513861381570e-03,4.530487089141451741e-03,6.159531875577456232e-03,4.013344370030351264e-03,6.071595146035662673e-03,7.607965987916760070e-03,1.046298718284070089e-02,1.508636946518820271e-02,0.000000000000000000e+00,0.000000000000000000e+00,0.000000000000000000e+00
1.823768672607972152e-01,9.078296586705265903e-02,7.429513602478543532e-02,5.868804338676986143e-02,3.956329964458424331e-02,1.542148210004790770e-02,1.043573753103294033e-02,9.900180003272786300e-03,1.141187476893925495e-02,4.109023909588325509e-03,2.471174775895337589e-03,2.509438912272296887e-03,2.257506208142072424e-03,3.587760768111982173e-03,3.580219288431416274e-03,7.324091027988490453e-03,0.000000000000000000e+00,0.000000000000000000e+00,0.000000000000000000e+00,0.000000000000000000e+00
2.344077229759263803e-01,8.143998931507340287e-05,9.676365723467756491e-05,5.433620715886444696e-05,7.033048081365890665e-03,2.510587864936257227e-02,2.868489905965977346e-02,2.618229422353133759e-02,1.961415975911434337e-02,3.188602553840540199e-02,2.862444115412099421e-02,2.075990372879809448e-02,1.630421150324829968e-02,1.849076703565406127e-02,1.790109644215708354e-02,1.569448077426105134e-02,1.508636946518820271e-02,0.000000000000000000e+00,0.000000000000000000e+00,0.000000000000000000e+00
1.750048788093332697e-01,8.484689553475396884e-02,6.426074476954936332e-02,4.829500885383797293e-02,3.299826661330013122e-02,1.500468528653309958e-02,1.081035375009566091e-02,1.006381934216985831e-02,1.343272759260558114e-02,6.081355386190720989e-03,3.294899701193783163e-03,2.737569722478869292e-03,1.755838161888278624e-03,1.655889585282453377e-03,3.132691877377489185e-03,7.324091027988490453e-03,0.000000000000000000e+00,0.000000000000000000e+00,0.000000000000000000e+00,0.000000000000000000e+00
1.324318084550124286e-01,2.760363193395904552e-02,9.229801445329718912e-02,4.599312953238062635e-02,2.782445640212212121e-02,3.010744041154026981e-02,2.322620558188869672e-02,2.110947471772214173e-02,2.543897083909375453e-02,1.364195937983323989e-02,5.560143245764509468e-03,4.790747014338021803e-03,5.016680462537938430e-03,5.519631950941510969e-03,8.503020810024613380e-03,6.277792309704420884e-03,3.771592366297050677e-03,0.000000000000000000e+00,0.000000000000000000e+00,0.000000000000000000e+00
1.929394731720238954e-01,8.080204273210532528e-02,6.900700215691030204e-02,3.012695704199220767e-02,1.667544034606443376e-02,5.393841116073989743e-03,4.227811615136421557e-03,2.781868761250204641e-03,1.783105432646758587e-03,1.150526694684730986e-03,8.237249252984457908e-04,2.281308102065724591e-04,1.505004138761381616e-03,1.931871182829529012e-03,2.685164466323562531e-03,6.277792309704420884e-03,0.000000000000000000e+00,5.767012687427912343e-02,0.000000000000000000e+00,0.000000000000000000e+00
1.326729787226553769e-01,3.078884040494858296e-02,8.089925563105217210e-02,2.713846564825466226e-02,1.724603403726002529e-02,2.233540571247001963e-02,2.140664108929834011e-02,1.898216331206021776e-02,2.638996040317202404e-02,1.824406615857216210e-02,9.884699103581350357e-03,6.615793495990601042e-03,9.782526901948980502e-03,9.383374316600568560e-03,9.845603043186395079e-03,1.046298718284070089e-02,2.262955419778230406e-02,0.000000000000000000e+00,0.000000000000000000e+00,0.000000000000000000e+00
1.446076479133101000e-01,4.846131808631951032e-02,2.298620677609765350e-02,1.390018972227677861e-02,2.923491271743706640e-02,1.201355521307388707e-02,6.957158354021959930e-03,6.300114547537228119e-03,3.803958256313084985e-03,2.465414345752995218e-03,2.265243544570725871e-03,9.125232408262898363e-04,1.003336092507587816e-03,2.483834377923680066e-03,1.790109644215708137e-03,1.046298718284070003e-03,0.000000000000000000e+00,5.767012687427912343e-02,0.000000000000000000e+00,0.000000000000000000e+00
5.768532077405487228e-04,8.053510054490592212e-04,9.192547437294368599e-04,8.348017281680083449e-04,1.192476702948090835e-03,4.780904625611036816e-03,9.044305860228548863e-03,1.276386843397152651e-02,1.485921193872298714e-02,1.627173468196976835e-02,1.750415466259197528e-02,1.482850266342720935e-02,1.755838161888278667e-02,1.462702466999500454e-02,1.969120608637279016e-02,5.336123463248757665e-02,1.131477709889115203e-02,1.153402537485582469e-01,0.000000000000000000e+00,0.000000000000000000e+00
1.357397519909257499e-01,3.752573729884548653e-02,4.558052074039486284e-02,2.573560357251670691e-02,1.240560440970191365e-02,4.364107812096227820e-03,2.408247122546063219e-03,1.800032727867779308e-03,1.069863259588055152e-03,8.218047819176650367e-04,6.177936939738343973e-04,1.140654051032862241e-03,2.508340231268969540e-04,1.379907987735377742e-03,2.237637055269635442e-03,1.046298718284070003e-03,7.543184732594101355e-03,0.000000000000000000e+00,0.000000000000000000e+00,0.000000000000000000e+00
5.093907139539421980e-02,7.587492337854338624e-03,6.879896029385574631e-03,2.924275876186159268e-03,3.885166032185715691e-03,2.598850719562922473e-03,1.498464876250883617e-03,2.127311405661920941e-03,1.188736955097839058e-03,8.218047819176650367e-04,6.177936939738343973e-04,0.000000000000000000e+00,0.000000000000000000e+00,8.279447926412266887e-04,2.237637055269635442e-03,1.046298718284070003e-03,3.771592366297050677e-03,1.153402537485582469e-01,0.000000000000000000e+00,0.000000000000000000e+00
2.933151903765502308e-05,2.714666310502446649e-05,3.386728003213714704e-05,9.879310392520808385e-06,1.923349520884017552e-05,1.225872980925906883e-04,1.605498081697375498e-04,3.272786777941416874e-04,4.754947820391356231e-04,6.574438255341320076e-04,6.177936939738343973e-04,6.843924306197173230e-04,1.003336092507587816e-03,1.103926390188302324e-03,1.790109644215708137e-03,3.138896154852210442e-03,1.885796183148525165e-02,1.730103806228373564e-01,0.000000000000000000e+00,0.000000000000000000e+00
3.259057670850558120e-06,0.000000000000000000e+00,0.000000000000000000e+00,0.000000000000000000e+00,0.000000000000000000e+00,7.355237885555440756e-05,0.000000000000000000e+00,0.000000000000000000e+00,0.000000000000000000e+00,0.000000000000000000e+00,0.000000000000000000e+00,0.000000000000000000e+00,0.000000000000000000e+00,0.000000000000000000e+00,0.000000000000000000e+00,0.000000000000000000e+00,0.000000000000000000e+00,1.730103806228373564e-01,0.000000000000000000e+00,0.000000000000000000e+00
1.710353465662372771e-02,6.831910214764490763e-04,3.139980677265286936e-03,6.401793134353484307e-03,1.141187382391183709e-03,1.225872980925906720e-03,5.351660272324584812e-04,4.909180166912125581e-04,8.321158685684873404e-04,4.930828691505989786e-04,2.059312313246114477e-04,2.281308102065724591e-04,0.000000000000000000e+00,2.759815975470755810e-04,0.000000000000000000e+00,1.046298718284070003e-03,0.000000000000000000e+00,1.153402537485582469e-01,0.000000000000000000e+00,0.000000000000000000e+00
5.214492273360892991e-05,5.881777006088634351e-05,5.322001147907265867e-05,3.951724157008323354e-05,8.334514590497409277e-05,2.206571365666632227e-04,5.886826299557043401e-04,8.181966944853542997e-04,7.132421730587034346e-04,1.643609563835330073e-03,1.029656156623057293e-03,1.368784861239434646e-03,2.006672185015175632e-03,8.279447926412266887e-04,0.000000000000000000e+00,2.092597436568140006e-03,7.543184732594101355e-03,1.153402537485582469e-01,0.000000000000000000e+00,0.000000000000000000e+00
6.518115341701116239e-05,7.239110161339858184e-05,5.805819434080653488e-05,8.891379353268728054e-05,8.975631097458748348e-05,1.716222173296269419e-04,5.351660272324584541e-05,8.181966944853542184e-05,2.377473910195678115e-04,0.000000000000000000e+00,2.059312313246114477e-04,4.562616204131449181e-04,5.016680462537939081e-04,2.759815975470755810e-04,4.475274110539270342e-04,0.000000000000000000e+00,1.131477709889115203e-02,1.153402537485582469e-01,0.000000000000000000e+00,0.000000000000000000e+00
1.033121281659626954e-03,8.822665509132951661e-04,3.096437031509681860e-04,3.260172429531867089e-04,3.397917486895097889e-04,3.432444346592538839e-04,3.210996163394750995e-04,4.090983472426771498e-04,2.377473910195678115e-04,8.218047819176650367e-04,4.118624626492228954e-04,4.562616204131449181e-04,5.016680462537939081e-04,2.759815975470755810e-04,4.475274110539270342e-04,1.046298718284070003e-03,3.771592366297050677e-03,1.153402537485582469e-01,0.000000000000000000e+00,0.000000000000000000e+00
6.518115341701116239e-06,1.357333155251223325e-05,4.838182861733877907e-06,9.879310392520808385e-06,6.411165069613392403e-06,0.000000000000000000e+00,5.351660272324584541e-05,1.636393388970708437e-04,2.377473910195678115e-04,3.287219127670660038e-04,2.059312313246114477e-04,4.562616204131449181e-04,5.016680462537939081e-04,2.759815975470755810e-04,4.475274110539270342e-04,2.092597436568140006e-03,3.771592366297050677e-03,1.153402537485582469e-01,0.000000000000000000e+00,0.000000000000000000e+00
