1.782943051898262610e+01,2.707384766983825131e+01,3.147316150390163259e+01,3.320527664690681036e+01,3.349003734336238836e+01,3.273509196661743914e+01,3.427629280595768790e+01,4.139660605359775758e+01,8.106600996376810997e+01,8.173697128831554437e+01,8.241676019453797153e+01,8.310553959548475689e+01,8.381328650863329699e+01,8.452820164694075800e+01,8.525795600011907993e+01,8.599525568267122821e+01,3.102314326487559757e-03,4.566210045662100203e-02,0.000000000000000000e+00,0.000000000000000000e+00
1.781904136525911397e+01,2.883295081196041565e+01,3.574644780058905269e+01,4.043905657793405339e+01,4.420752922928186734e+01,4.694087025062906093e+01,4.649159431156857636e+01,4.072302043884247524e+01,0.000000000000000000e+00,0.000000000000000000e+00,0.000000000000000000e+00,0.000000000000000000e+00,0.000000000000000000e+00,0.000000000000000000e+00,0.000000000000000000e+00,0.000000000000000000e+00,8.881615685301234464e+01,1.611872146118721361e+01,5.543237250554323980e-02,0.000000000000000000e+00
7.419010109001757947e+00,5.757792583459396596e+00,4.446362005548822438e+00,3.584520080889140203e+00,3.002342592149926048e+00,2.808587304405822493e+00,2.982251344143284300e+00,2.588823682460755560e+00,5.069633152173913082e+00,5.111593127461612873e+00,5.154105154105153908e+00,5.197179420214155243e+00,5.241439859525899969e+00,5.286148578849502400e+00,5.331785299633830633e+00,5.377893883433924493e+00,5.556244958739219086e+00,8.178082191780822541e+01,0.000000000000000000e+00,0.000000000000000000e+00
9.828760995742666040e+00,8.150139845192320820e+00,6.420266942663410248e+00,5.283583310656628562e+00,4.599661094378309834e+00,3.881783810237376731e+00,3.121991121411712644e+00,2.588823682460755560e+00,0.000000000000000000e+00,0.000000000000000000e+00,0.000000000000000000e+00,0.000000000000000000e+00,0.000000000000000000e+00,0.000000000000000000e+00,0.000000000000000000e+00,0.000000000000000000e+00,0.000000000000000000e+00,0.000000000000000000e+00,9.927937915742793962e+01,0.000000000000000000e+00
6.930053912604130062e+00,3.932501277134464956e+00,2.790876755981821056e+00,2.154553749126280060e+00,1.624675303979219443e+00,1.508884837093274589e+00,1.514983682824788458e+00,1.293689109884073929e+00,2.533401268115941907e+00,2.554369541640504782e+00,2.572735906069239409e+00,2.594236963523983697e+00,2.601697395376060928e+00,2.626841002331690156e+00,2.646542228573129929e+00,2.654415518121490347e+00,0.000000000000000000e+00,0.000000000000000000e+00,0.000000000000000000e+00,0.000000000000000000e+00
4.684886756004509323e+00,3.160113460708411370e+00,2.334788836492975861e+00,1.830854902881453361e+00,1.513654496873887867e+00,1.425731596931991918e+00,1.499646390197765911e+00,1.295134572576681853e+00,2.536231884057971175e+00,2.557223585821108536e+00,2.578491467380356283e+00,2.600040625634775449e+00,2.622183201638864425e+00,2.644550042796847578e+00,2.667381143758744688e+00,2.690448307960243923e+00,0.000000000000000000e+00,0.000000000000000000e+00,0.000000000000000000e+00,0.000000000000000000e+00
4.681556899041845021e+00,3.157307478684852953e+00,2.331569974954781355e+00,1.828009198738641539e+00,1.512857696822892617e+00,1.424432327554471911e+00,1.499646390197765911e+00,1.295134572576681853e+00,2.536231884057971175e+00,2.557223585821108536e+00,2.578491467380356283e+00,2.600040625634775449e+00,2.619256657887035544e+00,2.644550042796847578e+00,2.667381143758744688e+00,2.690448307960243923e+00,0.000000000000000000e+00,0.000000000000000000e+00,0.000000000000000000e+00,0.000000000000000000e+00
1.818989863471424662e-01,3.381208338388227430e-01,4.855528828000133523e-01,6.466862664539503314e-01,8.879008568256547829e-01,1.322656226315402028e+00,2.355978561873194543e+00,3.583302014974993455e+00,6.187726449275362306e+00,5.414121810605628582e+00,4.627471294137960989e+00,3.830416993122660596e+00,3.011413520632133523e+00,2.184114990702753722e+00,1.339644547646691164e+00,4.864426628231690586e-01,0.000000000000000000e+00,0.000000000000000000e+00,0.000000000000000000e+00,0.000000000000000000e+00
7.099921015792845402e+00,4.739551224439773058e+00,3.467951900304429902e+00,2.770292983027153433e+00,2.379510552288675473e+00,1.973157094660435984e+00,1.554178986204957313e+00,1.295134572576681853e+00,0.000000000000000000e+00,0.000000000000000000e+00,0.000000000000000000e+00,0.000000000000000000e+00,0.000000000000000000e+00,0.000000000000000000e+00,0.000000000000000000e+00,0.000000000000000000e+00,2.779673636532853376e+00,5.936073059360730264e-01,0.000000000000000000e+00,0.000000000000000000e+00
7.098278286357930789e+00,4.731463393901280234e+00,3.427716131076993911e+00,2.706976065849593827e+00,2.379776152305673964e+00,1.940242270429928251e+00,1.526912688201361501e+00,1.295134572576681853e+00,0.000000000000000000e+00,0.000000000000000000e+00,0.000000000000000000e+00,0.000000000000000000e+00,0.000000000000000000e+00,0.000000000000000000e+00,0.000000000000000000e+00,0.000000000000000000e+00,2.779673636532853376e+00,6.392694063926940284e-01,0.000000000000000000e+00,0.000000000000000000e+00
7.723270239203604781e+00,4.956849773499480527e+00,3.461761781961747442e+00,2.708221061412074082e+00,2.141798537075106257e+00,1.939809180637421582e+00,1.526912688201361501e+00,1.295134572576681853e+00,0.000000000000000000e+00,0.000000000000000000e+00,0.000000000000000000e+00,0.000000000000000000e+00,0.000000000000000000e+00,0.000000000000000000e+00,0.000000000000000000e+00,0.000000000000000000e+00,0.000000000000000000e+00,0.000000000000000000e+00,0.000000000000000000e+00,0.000000000000000000e+00
8.036454386065392086e+00,4.770912199997193959e+00,3.328674237594074103e+00,2.587990061378281137e+00,2.053884931448635598e+00,1.845828695663471963e+00,1.457894871379759927e+00,1.137579139082420365e+00,0.000000000000000000e+00,0.000000000000000000e+00,0.000000000000000000e+00,0.000000000000000000e+00,0.000000000000000000e+00,0.000000000000000000e+00,0.000000000000000000e+00,0.000000000000000000e+00,0.000000000000000000e+00,0.000000000000000000e+00,0.000000000000000000e+00,0.000000000000000000e+00
3.503897486579566345e-01,2.040113988893262897e-01,1.431155360828188228e-01,1.204088565427184621e-01,8.791360562647075605e-02,9.441357476645632907e-02,6.901781682160172682e-02,1.517735827238299029e-01,0.000000000000000000e+00,0.000000000000000000e+00,0.000000000000000000e+00,0.000000000000000000e+00,0.000000000000000000e+00,0.000000000000000000e+00,0.000000000000000000e+00,0.000000000000000000e+00,0.000000000000000000e+00,0.000000000000000000e+00,0.000000000000000000e+00,0.000000000000000000e+00
2.582637060242440330e-01,1.476441717690148703e-01,9.235656567282253537e-02,7.630044232913769930e-02,4.116800263475216964e-02,4.330897925066803933e-02,1.192900537657313673e-02,1.445462692607903761e-03,2.830615942028985501e-03,2.854044180603915962e-03,5.755561311116866828e-03,5.803662110791909731e-03,2.048580626280362832e-02,1.770904046515746344e-02,2.083891518561519288e-02,3.603278983875326386e-02,0.000000000000000000e+00,0.000000000000000000e+00,0.000000000000000000e+00,0.000000000000000000e+00
7.991656710394348575e-04,1.155404362641815515e-03,1.238023668536495031e-03,1.778565089257289024e-03,2.656000169984010749e-03,4.330897925066803759e-03,8.520718126123668842e-03,1.300916423347113493e-02,1.415307971014492794e-02,1.427022090301957938e-02,1.438890327779216750e-02,1.450915527697977346e-02,1.463271875914544905e-02,1.475753372096455171e-02,1.488493941829656733e-02,1.501366243281385994e-02,1.551157163243779835e-02,2.283105022831050102e-01,2.217294900221729592e-01,0.000000000000000000e+00
5.771752068618140035e-04,7.427599474125957035e-04,7.428142011218970839e-04,1.067139053554373327e-03,1.593600101990406493e-03,2.598538755040082603e-03,5.112430875674201826e-03,7.227313463039519020e-03,8.491847826086956069e-03,8.562132541811746586e-03,8.633341966675299808e-03,8.705493166187863729e-03,8.779631255487269775e-03,8.854520232578731720e-03,8.930963650977940052e-03,9.008197459688315964e-03,9.306942979462679705e-03,1.369863013698630061e-01,1.108647450110864796e-01,0.000000000000000000e+00
3.551847426841932579e-04,4.951732982750638385e-04,4.952094674145980559e-04,7.114260357029155877e-04,1.062400067993604256e-03,1.732359170026721591e-03,3.408287250449467884e-03,5.781850770431615043e-03,5.661231884057971002e-03,5.708088361207831925e-03,5.755561311116866828e-03,5.803662110791909731e-03,5.853087503658179272e-03,5.903013488385820857e-03,5.953975767318627280e-03,6.005464973125543976e-03,6.204628652975119514e-03,9.132420091324200406e-02,1.108647450110864796e-01,0.000000000000000000e+00
9.856376609486362447e-03,1.023358149768465244e-02,1.448487692187699211e-02,1.991992899968163602e-02,2.948160188682252131e-02,4.504133842069476396e-02,3.578701612971941365e-02,0.000000000000000000e+00,0.000000000000000000e+00,0.000000000000000000e+00,0.000000000000000000e+00,0.000000000000000000e+00,0.000000000000000000e+00,0.000000000000000000e+00,0.000000000000000000e+00,0.000000000000000000e+00,0.000000000000000000e+00,0.000000000000000000e+00,0.000000000000000000e+00,0.000000000000000000e+00
7.014898668012817251e-03,9.820937082455433176e-03,1.398966745446239383e-02,1.974207249075590753e-02,2.921600186982412084e-02,4.504133842069476396e-02,3.493494431710704451e-02,0.000000000000000000e+00,0.000000000000000000e+00,0.000000000000000000e+00,0.000000000000000000e+00,0.000000000000000000e+00,0.000000000000000000e+00,0.000000000000000000e+00,0.000000000000000000e+00,0.000000000000000000e+00,0.000000000000000000e+00,0.000000000000000000e+00,0.000000000000000000e+00,0.000000000000000000e+00
1.775923713420966290e-04,2.475866491375319192e-04,2.476047337072990280e-04,3.557130178514577939e-04,5.312000339968021281e-04,8.661795850133607953e-04,1.704143625224733942e-03,2.890925385215807521e-03,2.830615942028985501e-03,2.854044180603915962e-03,2.877780655558433414e-03,2.901831055395954866e-03,2.926543751829089636e-03,2.951506744192910429e-03,2.976987883659313640e-03,3.002732486562771988e-03,3.102314326487559757e-03,4.566210045662100203e-02,5.543237250554323980e-02,0.000000000000000000e+00
8.613230010091685665e-03,4.704146333613106086e-03,3.218861538194887038e-03,1.956421598183017731e-03,1.859200118988807611e-03,1.732359170026721591e-03,1.704143625224733942e-03,1.445462692607903761e-03,2.830615942028985501e-03,2.854044180603915962e-03,2.877780655558433414e-03,2.901831055395954866e-03,2.926543751829089636e-03,2.951506744192910429e-03,2.976987883659313640e-03,3.002732486562771988e-03,3.102314326487559757e-03,4.566210045662100203e-02,0.000000000000000000e+00,0.000000000000000000e+00
8.613230010091685665e-03,4.704146333613106086e-03,3.218861538194887038e-03,1.778565089257289024e-03,1.859200118988807611e-03,1.732359170026721591e-03,1.704143625224733942e-03,1.445462692607903761e-03,2.830615942028985501e-03,2.854044180603915962e-03,2.877780655558433414e-03,2.901831055395954866e-03,2.926543751829089636e-03,2.951506744192910429e-03,2.976987883659313640e-03,3.002732486562771988e-03,3.102314326487559757e-03,4.566210045662100203e-02,0.000000000000000000e+00,0.000000000000000000e+00
8.879618567104831449e-05,1.650577660916879462e-04,2.476047337072990280e-04,3.557130178514577939e-04,5.312000339968021281e-04,8.661795850133607953e-04,1.704143625224733942e-03,2.890925385215807521e-03,2.830615942028985501e-03,2.854044180603915962e-03,2.877780655558433414e-03,2.901831055395954866e-03,2.926543751829089636e-03,2.951506744192910429e-03,2.976987883659313640e-03,3.002732486562771988e-03,3.102314326487559757e-03,4.566210045662100203e-02,0.000000000000000000e+00,0.000000000000000000e+00
1.775923713420966290e-04,2.475866491375319192e-04,2.476047337072990280e-04,3.557130178514577939e-04,5.312000339968021281e-04,8.661795850133607953e-04,1.704143625224733942e-03,1.445462692607903761e-03,2.830615942028985501e-03,2.854044180603915962e-03,2.877780655558433414e-03,2.901831055395954866e-03,2.926543751829089636e-03,2.951506744192910429e-03,2.976987883659313640e-03,3.002732486562771988e-03,3.102314326487559757e-03,4.566210045662100203e-02,0.000000000000000000e+00,0.000000000000000000e+00
1.331942785065724582e-04,1.650577660916879462e-04,2.476047337072990280e-04,3.557130178514577939e-04,5.312000339968021281e-04,8.661795850133607953e-04,1.704143625224733942e-03,1.445462692607903761e-03,2.830615942028985501e-03,2.854044180603915962e-03,2.877780655558433414e-03,2.901831055395954866e-03,2.926543751829089636e-03,2.951506744192910429e-03,2.976987883659313640e-03,3.002732486562771988e-03,3.102314326487559757e-03,4.566210045662100203e-02,0.000000000000000000e+00,0.000000000000000000e+00
8.879618567104831449e-05,1.650577660916879462e-04,2.476047337072990280e-04,3.557130178514577939e-04,5.312000339968021281e-04,8.661795850133607953e-04,1.704143625224733942e-03,1.445462692607903761e-03,2.830615942028985501e-03,2.854044180603915962e-03,2.877780655558433414e-03,2.901831055395954866e-03,2.926543751829089636e-03,2.951506744192910429e-03,2.976987883659313640e-03,3.002732486562771988e-03,3.102314326487559757e-03,4.566210045662100203e-02,0.000000000000000000e+00,0.000000000000000000e+00
1.331942785065724582e-04,1.650577660916879462e-04,1.238023668536495140e-04,1.778565089257288969e-04,2.656000169984010640e-04,4.330897925066803976e-04,8.520718126123669710e-04,1.445462692607903761e-03,2.830615942028985501e-03,2.854044180603915962e-03,2.877780655558433414e-03,2.901831055395954866e-03,2.926543751829089636e-03,2.951506744192910429e-03,2.976987883659313640e-03,3.002732486562771988e-03,3.102314326487559757e-03,4.566210045662100203e-02,0.000000000000000000e+00,0.000000000000000000e+00
0.000000000000000000e+00,0.000000000000000000e+00,0.000000000000000000e+00,0.000000000000000000e+00,0.000000000000000000e+00,0.000000000000000000e+00,0.000000000000000000e+00,1.445462692607903761e-03,0.000000000000000000e+00,0.000000000000000000e+00,0.000000000000000000e+00,0.000000000000000000e+00,0.000000000000000000e+00,0.000000000000000000e+00,0.000000000000000000e+00,0.000000000000000000e+00,0.000000000000000000e+00,0.000000000000000000e+00,5.543237250554323980e-02,0.000000000000000000e+00
0.000000000000000000e+00,0.000000000000000000e+00,0.000000000000000000e+00,0.000000000000000000e+00,0.000000000000000000e+00,0.000000000000000000e+00,0.000000000000000000e+00,1.445462692607903761e-03,0.000000000000000000e+00,0.000000000000000000e+00,0.000000000000000000e+00,0.000000000000000000e+00,0.000000000000000000e+00,0.000000000000000000e+00,0.000000000000000000e+00,0.000000000000000000e+00,0.000000000000000000e+00,0.000000000000000000e+00,5.543237250554323980e-02,0.000000000000000000e+00
0.000000000000000000e+00,0.000000000000000000e+00,0.000000000000000000e+00,0.000000000000000000e+00,0.000000000000000000e+00,0.000000000000000000e+00,0.000000000000000000e+00,1.445462692607903761e-03,0.000000000000000000e+00,0.000000000000000000e+00,0.000000000000000000e+00,0.000000000000000000e+00,0.000000000000000000e+00,0.000000000000000000e+00,0.000000000000000000e+00,0.000000000000000000e+00,0.000000000000000000e+00,0.000000000000000000e+00,5.543237250554323980e-02,0.000000000000000000e+00
2.219904641776207727e-04,2.475866491375319192e-04,2.476047337072990280e-04,3.557130178514577939e-04,5.312000339968021281e-04,8.661795850133607953e-04,1.704143625224733942e-03,2.890925385215807521e-03,2.830615942028985501e-03,2.854044180603915962e-03,2.877780655558433414e-03,2.901831055395954866e-03,2.926543751829089636e-03,2.951506744192910429e-03,2.976987883659313640e-03,3.002732486562771988e-03,3.102314326487559757e-03,0.000000000000000000e+00,0.000000000000000000e+00,0.000000000000000000e+00
2.219904641776207727e-04,2.475866491375319192e-04,2.476047337072990280e-04,3.557130178514577939e-04,5.312000339968021281e-04,8.661795850133607953e-04,1.704143625224733942e-03,2.890925385215807521e-03,2.830615942028985501e-03,2.854044180603915962e-03,2.877780655558433414e-03,2.901831055395954866e-03,2.926543751829089636e-03,2.951506744192910429e-03,2.976987883659313640e-03,3.002732486562771988e-03,3.102314326487559757e-03,0.000000000000000000e+00,0.000000000000000000e+00,0.000000000000000000e+00
8.879618567104831449e-05,1.650577660916879462e-04,2.476047337072990280e-04,3.557130178514577939e-04,5.312000339968021281e-04,8.661795850133607953e-04,1.704143625224733942e-03,2.890925385215807521e-03,2.830615942028985501e-03,2.854044180603915962e-03,2.877780655558433414e-03,2.901831055395954866e-03,2.926543751829089636e-03,2.951506744192910429e-03,2.976987883659313640e-03,3.002732486562771988e-03,3.102314326487559757e-03,0.000000000000000000e+00,0.000000000000000000e+00,0.000000000000000000e+00
8.879618567104831449e-05,1.650577660916879462e-04,2.476047337072990280e-04,3.557130178514577939e-04,5.312000339968021281e-04,8.661795850133607953e-04,1.704143625224733942e-03,2.890925385215807521e-03,2.830615942028985501e-03,2.854044180603915962e-03,2.877780655558433414e-03,2.901831055395954866e-03,2.926543751829089636e-03,2.951506744192910429e-03,2.976987883659313640e-03,3.002732486562771988e-03,0.000000000000000000e+00,0.000000000000000000e+00,0.000000000000000000e+00,0.000000000000000000e+00
8.879618567104831449e-05,1.650577660916879462e-04,2.476047337072990280e-04,3.557130178514577939e-04,5.312000339968021281e-04,8.661795850133607953e-04,1.704143625224733942e-03,2.890925385215807521e-03,2.830615942028985501e-03,2.854044180603915962e-03,2.877780655558433414e-03,2.901831055395954866e-03,2.926543751829089636e-03,2.951506744192910429e-03,2.976987883659313640e-03,3.002732486562771988e-03,0.000000000000000000e+00,0.000000000000000000e+00,0.000000000000000000e+00,0.000000000000000000e+00
8.568831917256162362e-03,4.621617450567262059e-03,3.095059171341237904e-03,2.312134616034475579e-03,1.593600101990406493e-03,1.299269377520041301e-03,8.520718126123669710e-04,0.000000000000000000e+00,0.000000000000000000e+00,0.000000000000000000e+00,0.000000000000000000e+00,0.000000000000000000e+00,0.000000000000000000e+00,0.000000000000000000e+00,0.000000000000000000e+00,0.000000000000000000e+00,0.000000000000000000e+00,0.000000000000000000e+00,0.000000000000000000e+00,0.000000000000000000e+00
8.568831917256162362e-03,4.621617450567262059e-03,3.095059171341237904e-03,1.778565089257289024e-03,1.593600101990406493e-03,1.299269377520041301e-03,8.520718126123669710e-04,0.000000000000000000e+00,0.000000000000000000e+00,0.000000000000000000e+00,0.000000000000000000e+00,0.000000000000000000e+00,0.000000000000000000e+00,0.000000000000000000e+00,0.000000000000000000e+00,0.000000000000000000e+00,0.000000000000000000e+00,0.000000000000000000e+00,0.000000000000000000e+00,0.000000000000000000e+00
3.329856962664311942e-03,2.805982023558694759e-03,3.218861538194887038e-03,1.244995562480102251e-03,7.968000509952032464e-04,1.299269377520041301e-03,0.000000000000000000e+00,0.000000000000000000e+00,0.000000000000000000e+00,0.000000000000000000e+00,0.000000000000000000e+00,0.000000000000000000e+00,2.926543751829089636e-03,0.000000000000000000e+00,0.000000000000000000e+00,0.000000000000000000e+00,0.000000000000000000e+00,0.000000000000000000e+00,0.000000000000000000e+00,0.000000000000000000e+00
0.000000000000000000e+00,0.000000000000000000e+00,0.000000000000000000e+00,0.000000000000000000e+00,0.000000000000000000e+00,0.000000000000000000e+00,0.000000000000000000e+00,0.000000000000000000e+00,2.830615942028985501e-03,0.000000000000000000e+00,0.000000000000000000e+00,0.000000000000000000e+00,0.000000000000000000e+00,0.000000000000000000e+00,0.000000000000000000e+00,0.000000000000000000e+00,0.000000000000000000e+00,0.000000000000000000e+00,0.000000000000000000e+00,0.000000000000000000e+00
6.659713925328623451e-04,4.126444152292198654e-04,0.000000000000000000e+00,1.778565089257288969e-04,0.000000000000000000e+00,0.000000000000000000e+00,0.000000000000000000e+00,0.000000000000000000e+00,0.000000000000000000e+00,0.000000000000000000e+00,0.000000000000000000e+00,0.000000000000000000e+00,0.000000000000000000e+00,0.000000000000000000e+00,0.000000000000000000e+00,0.000000000000000000e+00,0.000000000000000000e+00,0.000000000000000000e+00,0.000000000000000000e+00,0.000000000000000000e+00
0.000000000000000000e+00,0.000000000000000000e+00,0.000000000000000000e+00,5.335695267771866637e-04,0.000000000000000000e+00,0.000000000000000000e+00,0.000000000000000000e+00,0.000000000000000000e+00,0.000000000000000000e+00,0.000000000000000000e+00,0.000000000000000000e+00,0.000000000000000000e+00,0.000000000000000000e+00,0.000000000000000000e+00,0.000000000000000000e+00,0.000000000000000000e+00,0.000000000000000000e+00,0.000000000000000000e+00,0.000000000000000000e+00,0.000000000000000000e+00
0.000000000000000000e+00,0.000000000000000000e+00,0.000000000000000000e+00,1.778565089257288969e-04,0.000000000000000000e+00,0.000000000000000000e+00,0.000000000000000000e+00,0.000000000000000000e+00,0.000000000000000000e+00,0.000000000000000000e+00,0.000000000000000000e+00,0.000000000000000000e+00,0.000000000000000000e+00,0.000000000000000000e+00,0.000000000000000000e+00,0.000000000000000000e+00,0.000000000000000000e+00,0.000000000000000000e+00,0.000000000000000000e+00,0.000000000000000000e+00
0.000000000000000000e+00,0.000000000000000000e+00,0.000000000000000000e+00,1.778565089257288969e-04,0.000000000000000000e+00,0.000000000000000000e+00,0.000000000000000000e+00,0.000000000000000000e+00,0.000000000000000000e+00,0.000000000000000000e+00,0.000000000000000000e+00,0.000000000000000000e+00,0.000000000000000000e+00,0.000000000000000000e+00,0.000000000000000000e+00,0.000000000000000000e+00,0.000000000000000000e+00,0.000000000000000000e+00,0.000000000000000000e+00,0.000000000000000000e+00
0.000000000000000000e+00,0.000000000000000000e+00,0.000000000000000000e+00,1.778565089257288969e-04,0.000000000000000000e+00,0.000000000000000000e+00,0.000000000000000000e+00,0.000000000000000000e+00,0.000000000000000000e+00,0.000000000000000000e+00,0.000000000000000000e+00,0.000000000000000000e+00,0.000000000000000000e+00,0.000000000000000000e+00,0.000000000000000000e+00,0.000000000000000000e+00,0.000000000000000000e+00,0.000000000000000000e+00,0.000000000000000000e+00,0.000000000000000000e+00
4.439809283552415724e-05,8.252888304584397308e-05,0.000000000000000000e+00,0.000000000000000000e+00,0.000000000000000000e+00,0.000000000000000000e+00,0.000000000000000000e+00,0.000000000000000000e+00,0.000000000000000000e+00,0.000000000000000000e+00,0.000000000000000000e+00,0.000000000000000000e+00,0.000000000000000000e+00,0.000000000000000000e+00,0.000000000000000000e+00,0.000000000000000000e+00,0.000000000000000000e+00,0.000000000000000000e+00,0.000000000000000000e+00,0.000000000000000000e+00
4.439809283552415724e-05,8.252888304584397308e-05,0.000000000000000000e+00,0.000000000000000000e+00,0.000000000000000000e+00,0.000000000000000000e+00,0.000000000000000000e+00,0.000000000000000000e+00,0.000000000000000000e+00,0.000000000000000000e+00,0.000000000000000000e+00,0.000000000000000000e+00,0.000000000000000000e+00,0.000000000000000000e+00,0.000000000000000000e+00,0.000000000000000000e+00,0.000000000000000000e+00,0.000000000000000000e+00,0.000000000000000000e+00,0.000000000000000000e+00
4.439809283552415724e-05,8.252888304584397308e-05,0.000000000000000000e+00,0.000000000000000000e+00,0.000000000000000000e+00,0.000000000000000000e+00,0.000000000000000000e+00,0.000000000000000000e+00,0.000000000000000000e+00,0.000000000000000000e+00,0.000000000000000000e+00,0.000000000000000000e+00,0.000000000000000000e+00,0.000000000000000000e+00,0.000000000000000000e+00,0.000000000000000000e+00,0.000000000000000000e+00,0.000000000000000000e+00,0.000000000000000000e+00,0.000000000000000000e+00
4.439809283552415724e-05,8.252888304584397308e-05,0.000000000000000000e+00,0.000000000000000000e+00,0.000000000000000000e+00,0.000000000000000000e+00,0.000000000000000000e+00,0.000000000000000000e+00,0.000000000000000000e+00,0.000000000000000000e+00,0.000000000000000000e+00,0.000000000000000000e+00,0.000000000000000000e+00,0.000000000000000000e+00,0.000000000000000000e+00,0.000000000000000000e+00,0.000000000000000000e+00,0.000000000000000000e+00,0.000000000000000000e+00,0.000000000000000000e+00
8.879618567104831449e-05,0.000000000000000000e+00,0.000000000000000000e+00,0.000000000000000000e+00,0.000000000000000000e+00,0.000000000000000000e+00,0.000000000000000000e+00,0.000000000000000000e+00,0.000000000000000000e+00,0.000000000000000000e+00,0.000000000000000000e+00,0.000000000000000000e+00,0.000000000000000000e+00,0.000000000000000000e+00,0.000000000000000000e+00,0.000000000000000000e+00,0.000000000000000000e+00,0.000000000000000000e+00,0.000000000000000000e+00,0.000000000000000000e+00
4.439809283552415724e-05,0.000000000000000000e+00,0.000000000000000000e+00,0.000000000000000000e+00,0.000000000000000000e+00,0.000000000000000000e+00,0.000000000000000000e+00,0.000000000000000000e+00,0.000000000000000000e+00,0.000000000000000000e+00,0.000000000000000000e+00,0.000000000000000000e+00,0.000000000000000000e+00,0.000000000000000000e+00,0.000000000000000000e+00,0.000000000000000000e+00,0.000000000000000000e+00,0.000000000000000000e+00,0.000000000000000000e+00,0.000000000000000000e+00
