6.953274236322632210e-03,6.389668212027083127e-02,7.217161418671977358e-02,8.200399281612487379e-02,8.413537360506903595e-02,9.986899351125774760e-02,1.113219529370224198e-01,1.170077176881302444e-01,2.241486033710949899e-01,2.959610263318415146e-01,1.604359194427257052e+01,2.182195189383466882e+01,3.026457055214724079e+01,3.180481121811661538e+01,3.300439054986410525e+01,3.260302272480156915e+01,1.797788061808769200e+01,0.000000000000000000e+00,0.000000000000000000e+00,0.000000000000000000e+00
1.061105048689423791e+00,6.933460408675002462e+00,6.615387229208185893e+00,6.273346493473000329e+00,6.321464354172478650e+00,6.004128893449819593e+00,6.064528318868775081e+00,5.775903951065679109e+00,5.502647976736509072e+00,5.157458163763523729e+00,5.153589748707610774e+00,9.253525020735416717e+00,5.578987730061349737e+00,5.862916549139702838e+00,4.649801379887100516e+00,5.871479830379471743e+00,7.153502235469448856e+00,8.249027237354084718e+00,1.574934477007386313e+01,0.000000000000000000e+00
1.237838288033560996e+00,8.056180284038006789e+00,7.498256937229545116e+00,6.878679088728111068e+00,6.392193413020259563e+00,4.993517031084091506e+00,4.997539392884975840e+00,5.708381906267732120e+00,4.884624697504712287e+00,5.481517397896319643e+00,3.985948384263787059e+00,5.089853469726292268e+00,7.668711656441717928e+00,8.111375266954103935e+00,8.354589169977002072e+00,1.020985103838208197e+01,7.639814887442152092e+00,1.260700389105058328e+01,0.000000000000000000e+00,0.000000000000000000e+00
8.568403594730360506e-01,5.991138209380657109e+00,5.895652168338029853e+00,5.996880579754573226e+00,5.711285513933616720e+00,5.517879763659098380e+00,5.709624686784870562e+00,6.744082549470220123e+00,6.425701323780030449e+00,6.633273417540044292e+00,4.107702441069040589e+00,5.581974011611833042e+00,7.695552147239263618e+00,7.196679695370109542e+00,6.920342881037005789e+00,6.540176144394911795e+00,7.843752451172641624e-03,1.297016861219195925e-02,2.382654276864426893e-02,0.000000000000000000e+00
1.076621350709040248e-01,9.893545094308601184e-01,1.154309860942859922e+00,1.343555089870450914e+00,1.407420719627524797e+00,1.732422494242305655e+00,2.010517573938535918e+00,2.225730324716505226e+00,2.105117199417949614e+00,3.043532948952555550e+00,1.808347138779665020e+00,2.504838263754492811e+00,3.473926380368097977e+00,3.650723294515855866e+00,3.788417311310892543e+00,4.925519191040557132e+00,7.106439720762412371e+00,1.175097276264591528e+01,2.118179652132475610e+01,0.000000000000000000e+00
9.862132382400327912e-02,9.062745354906834860e-01,1.057377939925802535e+00,1.230731505614650390e+00,1.289234088248258914e+00,1.586944190658462706e+00,1.841686537078786490e+00,2.038827030080811564e+00,1.929025241776318067e+00,2.788282202033891100e+00,1.726512444861380002e+00,2.391484655792092795e+00,3.316717791411043059e+00,3.485513962203328209e+00,3.616976792807861329e+00,4.702620419702077115e+00,6.784845870264334167e+00,1.121919584954604332e+01,1.889444841553490662e+01,0.000000000000000000e+00
7.976657712482325691e-01,4.841547438285959792e+00,4.303933728032199646e+00,3.997689053007980942e+00,3.522585419135728202e+00,3.187609663207960686e+00,2.412813157899732719e+00,2.947494254692361704e+00,2.610915710587879079e+00,2.917074107586042686e+00,1.784395521047484001e+00,2.256013270666298087e+00,2.848926380368097977e+00,2.864971592053834115e+00,3.173740330336608739e+00,3.914319886919647828e+00,7.247627264883520048e+00,1.107652399481193228e+01,0.000000000000000000e+00,0.000000000000000000e+00
1.738916535881167421e-03,1.597966560076948678e-02,1.627820275562596661e-02,1.695450647722592658e-02,1.595468712514595475e-02,1.937914567219126138e-02,2.231129119953563847e-02,2.519405479645107568e-02,4.861221388818542932e-02,7.066817605775720101e-02,4.021875810862058920e+00,5.471385125794857807e+00,7.588190184049079967e+00,7.974372406012007808e+00,8.275141124817061211e+00,1.075894313363053101e+01,1.552278610087065580e+01,4.254215304798962372e+00,0.000000000000000000e+00,0.000000000000000000e+00
5.326735480561185510e-01,3.763326645465951081e+00,3.719752050723367010e+00,3.795914008713213494e+00,3.818438943694963061e+00,4.003159936166210464e+00,4.300841966489065804e+00,4.057924074167934769e+00,3.726427127282053942e+00,3.272105614096306070e+00,1.782399552903135564e+00,2.421896599391760940e+00,3.397239263803681020e+00,3.461336986742958644e+00,2.663600250888563448e+00,3.115146243340219723e+00,4.690563965801239021e+00,0.000000000000000000e+00,0.000000000000000000e+00,0.000000000000000000e+00
1.294643094197945876e+00,9.007118754192738663e+00,8.108410650522245078e+00,7.561777050180040760e+00,6.272388643358335791e+00,4.925622665710218229e+00,3.964787913756921078e+00,5.109460627181146464e+00,3.582789609579106305e+00,5.868265052321500086e+00,0.000000000000000000e+00,0.000000000000000000e+00,0.000000000000000000e+00,0.000000000000000000e+00,0.000000000000000000e+00,0.000000000000000000e+00,0.000000000000000000e+00,0.000000000000000000e+00,0.000000000000000000e+00,0.000000000000000000e+00
3.485606770168955988e-03,3.088779241469232287e-02,3.228072110066039502e-02,2.877490183810878926e-02,1.747902028996881768e-02,2.255447738610542180e-02,2.427665018407931807e-02,2.761703553251800697e-02,5.338084058388361391e-02,8.368599796313352934e-02,4.696513043651822983e+00,5.919270113353608309e+00,8.220858895705521974e+00,4.831365596163919918e+00,5.013589797198410913e+00,3.952375774709144363e+00,5.702408032002510119e+00,9.429312581063554077e+00,0.000000000000000000e+00,0.000000000000000000e+00
4.518067534160381538e-01,3.126118246887811924e+00,3.027566197116276836e+00,2.972650336362633094e+00,2.689478716361386912e+00,2.406170150631000926e+00,1.966095994162883720e+00,2.446950938348738447e+00,2.381836439808125316e+00,2.829127731544786251e+00,1.852258437955330184e+00,2.535250207354160956e+00,3.539110429447852813e+00,3.743401700447273939e+00,3.244825423374451123e+00,3.207567685114711131e-01,4.627813946191858263e-01,7.782101167315175205e-01,1.405766023350011995e+00,0.000000000000000000e+00
1.828613055957568640e-03,1.680392620603613635e-02,1.960564947881221140e-02,2.281992993281552889e-02,6.238040336044327165e-03,5.975396952547553861e-03,9.391289238643379944e-03,9.481766451853765321e-03,1.439847478021492183e-02,2.099757767074986875e-02,1.189597014031656075e+00,1.647774398672933405e+00,2.285276073619631809e+00,2.401579562396744194e+00,2.492159732385532234e+00,3.240187017505708589e+00,4.674876460898894415e+00,7.730220492866407334e+00,1.420061949011198443e+01,0.000000000000000000e+00
3.450344078242920109e-01,2.305330526304683492e+00,2.253271268010446526e+00,2.264404185285592952e+00,2.108574889980276534e+00,1.823342825650714483e+00,1.551829587295830093e+00,2.089400571872902290e+00,2.027106170464052060e+00,2.304729290166912303e+00,1.520927725993493240e+00,2.112247719104229926e+00,2.868098159509202549e+00,2.905266551154450649e+00,2.651055822705414844e+00,2.544307926497770822e+00,4.423876382461369161e+00,0.000000000000000000e+00,0.000000000000000000e+00,0.000000000000000000e+00
1.166344959134504577e+01,3.291140715132897299e+00,3.005428097819240030e+00,2.901713039455718679e+00,2.678292456059533144e+00,2.196222991037385608e+00,1.948128592991686281e+00,2.154301841588980970e+00,1.748998009677071419e+00,1.120885184839546023e+00,8.003832258837149105e-01,1.252419131877246405e+00,0.000000000000000000e+00,0.000000000000000000e+00,0.000000000000000000e+00,0.000000000000000000e+00,0.000000000000000000e+00,0.000000000000000000e+00,0.000000000000000000e+00,0.000000000000000000e+00
3.081266817200549180e-01,2.103782323104881780e+00,2.025703403965175120e+00,2.050383390493850211e+00,1.934769640817858738e+00,2.353440399745396316e+00,2.262999202577925750e+00,2.401656033160222137e+00,2.180280941558396357e+00,2.091406073540888144e+00,1.241492185784714986e+00,1.645009676527509068e+00,2.223926380368097977e+00,2.562759398799210331e+00,2.918670290612586093e+00,2.392084375339784685e-01,3.608126127539414973e-01,6.225680933852140164e-01,1.262806766738146402e+00,0.000000000000000000e+00
1.576265171807584764e+01,1.486273752992615549e+00,1.654657832370414638e+00,1.656161265415112549e+00,1.785236465895312374e+00,1.272297684461514367e+00,1.152850546621051020e+00,1.024006052506981623e+00,1.232365919412060640e+00,7.133766404146226758e-01,2.886169936727809748e+00,0.000000000000000000e+00,0.000000000000000000e+00,0.000000000000000000e+00,0.000000000000000000e+00,0.000000000000000000e+00,0.000000000000000000e+00,0.000000000000000000e+00,0.000000000000000000e+00,0.000000000000000000e+00
1.530656943053616814e+01,1.469848986665001966e+00,1.632622313319179286e+00,1.564396491581289128e+00,1.756516465651419168e+00,1.259384668824929943e+00,1.141326396211681304e+00,1.003831029235240591e+00,1.226370413032517925e+00,7.142219535253614415e-01,2.892157841160855281e+00,0.000000000000000000e+00,0.000000000000000000e+00,0.000000000000000000e+00,0.000000000000000000e+00,0.000000000000000000e+00,0.000000000000000000e+00,0.000000000000000000e+00,0.000000000000000000e+00,0.000000000000000000e+00
1.533752609152173640e+01,1.464458322306558147e+00,1.625871250892368058e+00,1.569732086709465291e+00,1.756125610993772179e+00,1.262069267455784738e+00,1.145480450429012143e+00,9.958450825235096726e-01,1.217944295958565792e+00,6.880510596168906146e-01,2.882178000439112875e+00,0.000000000000000000e+00,0.000000000000000000e+00,0.000000000000000000e+00,0.000000000000000000e+00,0.000000000000000000e+00,0.000000000000000000e+00,0.000000000000000000e+00,0.000000000000000000e+00,0.000000000000000000e+00
4.952677072770571565e-01,2.925905345868542007e+00,2.686480468560917600e+00,2.562578135686348180e+00,2.373894848684137138e+00,2.187716950931021476e+00,1.901294981735003331e+00,1.891099378060403957e+00,1.739831135058156342e+00,1.678318462585089321e+00,9.919961677411628376e-01,1.365772739839646199e+00,1.909509202453987697e+00,2.018777450940887341e+00,2.157641647501567839e+00,4.892899858649559647e-02,8.628127696289905613e-02,1.686121919584954720e-01,3.335715987610197719e-01,0.000000000000000000e+00
4.523234053716781999e-01,2.897012264118595137e+00,2.592491318345290896e+00,2.218189722867696556e+00,2.613676364057349488e+00,2.587029347281699643e+00,2.616652151671666093e+00,1.619836794940420654e+00,1.331002416258517007e+00,4.613042707923356578e-01,0.000000000000000000e+00,0.000000000000000000e+00,0.000000000000000000e+00,0.000000000000000000e+00,0.000000000000000000e+00,0.000000000000000000e+00,0.000000000000000000e+00,5.460440985732814667e+00,0.000000000000000000e+00,0.000000000000000000e+00
3.013264895446626790e-02,2.769021077332789460e-01,3.230700728864702720e-01,3.760363274180861248e-01,3.939111410696863325e-01,4.848731527146921128e-01,5.627068442621623312e-01,6.229409299548410717e-01,5.893883703843281197e-01,8.542734297125529341e-01,5.269355901079818549e-01,7.271219242466132604e-01,1.012269938650306678e+00,1.063786920256275970e+00,1.103909680117081349e+00,1.435250625203870811e+00,2.070750647109577347e+00,3.411154345006484956e+00,7.267095544436502408e+00,0.000000000000000000e+00
1.713741712579724130e-01,1.545972201096728282e+00,1.749666373778693940e+00,1.932298834817959499e+00,1.979319254696450869e+00,2.495589416138286776e+00,2.372389296967640782e+00,2.244743306206662847e+00,2.432254250212157576e+00,1.858978780612168924e+00,1.702560827129198984e+00,0.000000000000000000e+00,0.000000000000000000e+00,0.000000000000000000e+00,0.000000000000000000e+00,0.000000000000000000e+00,0.000000000000000000e+00,0.000000000000000000e+00,0.000000000000000000e+00,0.000000000000000000e+00
1.699892569879927762e-01,1.535789835086334154e+00,1.742799908575355827e+00,1.923635022309130749e+00,1.974980767996570519e+00,2.495781860484584502e+00,2.386559981918697559e+00,2.239143253791161303e+00,2.415795543510014909e+00,1.850965212322365883e+00,1.730504381150076876e+00,0.000000000000000000e+00,0.000000000000000000e+00,0.000000000000000000e+00,0.000000000000000000e+00,0.000000000000000000e+00,0.000000000000000000e+00,0.000000000000000000e+00,0.000000000000000000e+00,0.000000000000000000e+00
1.698170396694460849e-01,1.533086260301059545e+00,1.735927032106655332e+00,1.916575619524159002e+00,1.966788454372291772e+00,2.481098356862060150e+00,2.367408898631808700e+00,2.218881695493132078e+00,2.424939269455649526e+00,1.824625255791747280e+00,1.736492285583122186e+00,0.000000000000000000e+00,0.000000000000000000e+00,0.000000000000000000e+00,0.000000000000000000e+00,0.000000000000000000e+00,0.000000000000000000e+00,0.000000000000000000e+00,0.000000000000000000e+00,0.000000000000000000e+00
1.699743075679800430e-01,1.530003525637362305e+00,1.731919991255034041e+00,1.912628025366389428e+00,1.964685656314151485e+00,2.479606913178252103e+00,2.371607620098788338e+00,2.222985928168510927e+00,2.402230420967883084e+00,1.821886441312953853e+00,1.764435839603999856e+00,0.000000000000000000e+00,0.000000000000000000e+00,0.000000000000000000e+00,0.000000000000000000e+00,0.000000000000000000e+00,0.000000000000000000e+00,0.000000000000000000e+00,0.000000000000000000e+00,0.000000000000000000e+00
3.613759178286113372e-01,2.662757400101812610e+00,2.473857264075852935e+00,2.514192123363138354e+00,2.154539397719550831e+00,1.838834595527689686e+00,1.700370526002648486e+00,2.188928214250835502e+00,1.599064052841939532e+00,2.465102093536262640e+00,0.000000000000000000e+00,0.000000000000000000e+00,0.000000000000000000e+00,0.000000000000000000e+00,0.000000000000000000e+00,0.000000000000000000e+00,0.000000000000000000e+00,0.000000000000000000e+00,0.000000000000000000e+00,0.000000000000000000e+00
1.322509411078481856e-01,1.227686715908361537e+00,1.433744861771516055e+00,1.558702702654298111e+00,1.744173275562930447e+00,2.120496140769190241e+00,2.468301048775854767e+00,2.641741282523262679e+00,2.079838848196093437e+00,1.693534098578386216e+00,2.095766551565836910e-01,0.000000000000000000e+00,0.000000000000000000e+00,0.000000000000000000e+00,0.000000000000000000e+00,0.000000000000000000e+00,0.000000000000000000e+00,0.000000000000000000e+00,0.000000000000000000e+00,0.000000000000000000e+00
2.536079408640171465e-02,2.330514435330930667e-01,2.719081752929707885e-01,3.164866083651535211e-01,3.315307377092430730e-01,4.080878585418588056e-01,4.735956812129659688e-01,5.242909999864016068e-01,4.951501214610887214e-01,7.175693934438868160e-01,3.632662022714117644e-01,5.031794304672380092e-01,6.978527607361962870e-01,7.333682556312205447e-01,7.610286431110181438e-01,9.894530825269109986e-01,1.427562946113420717e+00,2.360570687418936497e+00,5.384798665713605104e+00,0.000000000000000000e+00
9.765439533757966362e-02,8.917290833430778774e-01,1.050383249415212550e+00,1.211739771906666263e+00,1.298137757349455024e+00,1.659880597905339483e+00,1.958111723288175066e+00,2.149740209488936404e+00,2.215605816983811316e+00,1.805690242111199995e+00,1.884193928264904949e+00,0.000000000000000000e+00,0.000000000000000000e+00,0.000000000000000000e+00,0.000000000000000000e+00,0.000000000000000000e+00,0.000000000000000000e+00,0.000000000000000000e+00,0.000000000000000000e+00,0.000000000000000000e+00
9.497486129449730918e-02,8.588410851929385581e-01,9.952912461544428657e-01,1.146055984049033194e+00,1.230316657154567173e+00,1.572366531426402370e+00,1.837800486359347785e+00,2.018961060474385061e+00,2.138381842921436515e+00,1.756662081688354027e+00,1.872218119398814329e+00,0.000000000000000000e+00,0.000000000000000000e+00,0.000000000000000000e+00,0.000000000000000000e+00,0.000000000000000000e+00,0.000000000000000000e+00,0.000000000000000000e+00,0.000000000000000000e+00,0.000000000000000000e+00
7.833675479712537415e-02,7.333611457178452753e-01,8.771188029911117789e-01,9.717797761840972770e-01,1.122917614326355285e+00,1.484929442685984258e+00,1.765283206554650874e+00,1.842973541297605156e+00,2.084213947446030168e+00,1.743542822209689147e+00,1.896169737130995347e+00,0.000000000000000000e+00,0.000000000000000000e+00,0.000000000000000000e+00,0.000000000000000000e+00,0.000000000000000000e+00,0.000000000000000000e+00,0.000000000000000000e+00,0.000000000000000000e+00,0.000000000000000000e+00
2.275713731953598273e+00,1.611154729761214988e-01,1.879783004312537698e-01,2.187967121092712075e-01,1.899631807095403524e-01,2.070220055298882811e-01,3.206996856653974159e-01,3.240118627158894427e-01,5.151505751750850015e-01,7.238585229877828597e-01,4.271371828905610735e-01,5.916505391208183307e-01,8.205521472392638405e-01,8.623121247531934097e-01,8.948358770646037685e-01,1.163422855278895218e+00,1.678563024550945082e+00,2.775616083009079027e+00,0.000000000000000000e+00,0.000000000000000000e+00
1.216978465324593112e-01,1.152525138849446407e+00,1.353110377306172118e+00,1.414365526473618573e+00,1.632138696495026409e+00,1.598298407090034567e+00,1.450591265967006382e+00,8.043430693479338700e-01,1.196693813887444779e+00,4.218112422586225430e-01,7.884074170176244012e-01,1.100359413878905235e+00,0.000000000000000000e+00,0.000000000000000000e+00,0.000000000000000000e+00,0.000000000000000000e+00,0.000000000000000000e+00,0.000000000000000000e+00,0.000000000000000000e+00,0.000000000000000000e+00
1.170874454005322723e-01,1.114697072138408851e+00,1.314168351493776754e+00,1.333786846481943567e+00,1.599729028282946608e+00,1.565457779394310300e+00,1.420150535331403674e+00,7.564273890775490283e-01,1.184054638276516469e+00,4.274241213139276518e-01,7.425001496976108006e-01,1.069947470279236867e+00,0.000000000000000000e+00,0.000000000000000000e+00,0.000000000000000000e+00,0.000000000000000000e+00,0.000000000000000000e+00,0.000000000000000000e+00,0.000000000000000000e+00,0.000000000000000000e+00
1.160230466956256451e-01,1.108487642245400195e+00,1.306750517469255524e+00,1.309966958860770525e+00,1.594116355399137319e+00,1.563908602406612669e+00,1.417682669788311811e+00,7.445350040362408439e-01,1.185628748059562421e+00,4.229270555647976493e-01,7.425001496976108006e-01,1.086535803151783330e+00,0.000000000000000000e+00,0.000000000000000000e+00,0.000000000000000000e+00,0.000000000000000000e+00,0.000000000000000000e+00,0.000000000000000000e+00,0.000000000000000000e+00,0.000000000000000000e+00
2.938457997702908012e-02,2.983273883995101183e-01,3.954789038916060040e-01,5.365369987702759413e-01,6.103508162882268495e-01,8.156176284794539599e-01,1.035275178733207735e+00,1.159408644354640305e+00,1.589874029549744439e+00,2.097559952987066101e+00,1.355262370012574547e+00,1.661598009400055309e+00,0.000000000000000000e+00,0.000000000000000000e+00,0.000000000000000000e+00,0.000000000000000000e+00,0.000000000000000000e+00,0.000000000000000000e+00,0.000000000000000000e+00,0.000000000000000000e+00
9.751805662706353878e-03,8.985539611546858318e-02,1.048113661476854225e-01,1.220470745752773034e-01,1.279736320067439703e-01,1.582950970472782881e-01,1.820972100054192577e-01,2.015153519317708364e-01,8.088146444062851992e-02,4.771961572742236535e-01,0.000000000000000000e+00,0.000000000000000000e+00,0.000000000000000000e+00,0.000000000000000000e+00,6.773991218900271560e-01,8.807219745569206948e-01,1.270687897089967766e+00,2.114137483787289273e+00,3.859899928520371670e+00,0.000000000000000000e+00
8.496771953797346844e-02,7.676943474625521624e-01,8.700022984386325264e-01,9.609518761407632725e-01,9.853680432072626783e-01,1.244143076598142050e+00,1.192671399682884825e+00,1.106906607690985922e+00,1.210397828469256920e+00,9.118223462916451583e-01,8.602622702141673461e-01,0.000000000000000000e+00,0.000000000000000000e+00,0.000000000000000000e+00,0.000000000000000000e+00,0.000000000000000000e+00,0.000000000000000000e+00,0.000000000000000000e+00,0.000000000000000000e+00,0.000000000000000000e+00
1.901703760283825484e-01,1.298770950506557664e+00,1.211017503075003221e+00,1.146958930916878394e+00,1.301671083454583044e+00,1.238581434990134733e+00,1.262832482068611872e+00,8.212792102071772016e-01,6.998769879501895996e-01,2.311762295248258325e-01,0.000000000000000000e+00,0.000000000000000000e+00,0.000000000000000000e+00,0.000000000000000000e+00,5.185030315701442127e-01,0.000000000000000000e+00,0.000000000000000000e+00,0.000000000000000000e+00,0.000000000000000000e+00,0.000000000000000000e+00
1.846450703916762415e-01,1.248062438070553171e+00,1.230347468143223821e+00,1.277647430888558588e+00,1.356437638084064812e+00,1.340759760656966559e+00,1.337460289419210691e+00,8.429376910724285521e-01,7.137198945716823895e-01,2.962315265272779108e-01,0.000000000000000000e+00,0.000000000000000000e+00,0.000000000000000000e+00,0.000000000000000000e+00,0.000000000000000000e+00,0.000000000000000000e+00,0.000000000000000000e+00,0.000000000000000000e+00,2.382654276864426893e-02,0.000000000000000000e+00
2.322362500138132682e-02,2.237153184107728010e-01,2.842690949120518784e-01,3.945728565067433413e-01,4.331763999768926676e-01,6.350663427828318053e-01,8.296606617877374523e-01,8.978997949119876809e-01,1.300446167528800379e+00,1.808834806883147905e+00,1.141693778567294038e+00,1.645009676527509068e+00,0.000000000000000000e+00,0.000000000000000000e+00,0.000000000000000000e+00,0.000000000000000000e+00,0.000000000000000000e+00,0.000000000000000000e+00,0.000000000000000000e+00,0.000000000000000000e+00
1.378850785222472120e-01,7.838773306792874429e-01,6.521346788869658573e-01,5.315297479576797102e-01,5.121368579147169697e-01,4.609908093391316686e-01,3.582983430572074801e-01,3.514805524890564081e-01,3.413966335347421999e-01,5.727503513121288137e-01,1.956048781461448005e-01,2.543544373790433966e-01,0.000000000000000000e+00,0.000000000000000000e+00,2.927033242734685126e-01,3.968685440904642925e-01,5.647501764844301553e-01,9.468223086900129370e-01,2.072909220872051428e+00,0.000000000000000000e+00
2.416484048538303231e-02,2.193467372028595486e-01,2.811532199458312009e-01,3.744543048066548141e-01,4.047690834591168851e-01,5.939313637616711050e-01,7.659204965390139508e-01,8.362003211685690163e-01,1.259241529090243228e+00,1.781548099668502028e+00,1.171633300732520366e+00,1.664362731545479646e+00,0.000000000000000000e+00,0.000000000000000000e+00,0.000000000000000000e+00,0.000000000000000000e+00,0.000000000000000000e+00,0.000000000000000000e+00,0.000000000000000000e+00,0.000000000000000000e+00
5.107112953177316506e+00,4.629487164833657742e-01,5.239029603697248350e-01,5.626702213421267418e-01,6.111637939761324079e-01,4.043640604409958206e-01,4.095540120291136788e-01,4.021159050142102953e-01,4.006803858050483336e-01,3.448877491813987905e-03,0.000000000000000000e+00,0.000000000000000000e+00,0.000000000000000000e+00,0.000000000000000000e+00,0.000000000000000000e+00,0.000000000000000000e+00,0.000000000000000000e+00,0.000000000000000000e+00,0.000000000000000000e+00,0.000000000000000000e+00
9.371073833822056443e-02,8.302172619073786564e-01,9.495661015884230283e-01,9.491687926339236192e-01,1.130382938287410877e+00,1.065804900883944972e+00,9.924951203821461565e-01,5.183448074657476257e-01,7.199700363573062756e-01,1.095356728895236609e+00,2.854234446418235094e-01,0.000000000000000000e+00,0.000000000000000000e+00,0.000000000000000000e+00,0.000000000000000000e+00,0.000000000000000000e+00,0.000000000000000000e+00,0.000000000000000000e+00,0.000000000000000000e+00,0.000000000000000000e+00
8.890778867652951445e-02,8.155179477801233201e-01,9.522908893675254838e-01,9.613324570520038748e-01,1.142389993370323209e+00,1.123826871292740170e+00,1.008597663880509643e+00,5.499424542075184164e-01,8.831681829819287843e-01,9.689993251020123655e-01,1.197580886609049718e-02,0.000000000000000000e+00,0.000000000000000000e+00,0.000000000000000000e+00,0.000000000000000000e+00,0.000000000000000000e+00,0.000000000000000000e+00,0.000000000000000000e+00,0.000000000000000000e+00,0.000000000000000000e+00
6.535288452766602196e-02,6.070349653546782687e-01,7.115350524713985880e-01,7.734075729780687247e-01,8.661651897181148474e-01,1.053219040636067083e+00,1.233452598612166273e+00,1.317421602356719568e+00,1.018541624323885175e+00,7.769779988666042359e-01,7.784275762958822731e-02,0.000000000000000000e+00,0.000000000000000000e+00,0.000000000000000000e+00,0.000000000000000000e+00,0.000000000000000000e+00,0.000000000000000000e+00,0.000000000000000000e+00,0.000000000000000000e+00,0.000000000000000000e+00
2.701061207900699035e-01,1.514804160076245187e+00,1.202208424466799208e+00,1.007479758132622250e+00,8.016819882995313007e-01,6.553114880133633635e-01,4.619821963042987645e-01,5.432421707434965663e-01,4.521398865066846295e-01,1.056066575508100902e+00,4.211492784575158188e-01,0.000000000000000000e+00,0.000000000000000000e+00,0.000000000000000000e+00,0.000000000000000000e+00,0.000000000000000000e+00,0.000000000000000000e+00,0.000000000000000000e+00,0.000000000000000000e+00,0.000000000000000000e+00
4.952103015042082390e+00,4.663501652477661241e-01,4.420439242201256724e-01,4.053783694376514313e-01,3.762601447303529079e-01,2.210127095057403679e-01,2.322808649857561747e-01,2.366485726047413696e-01,2.601679389949123622e-01,4.483540739358184146e-02,1.197580886609049718e-02,2.930605474149847733e-01,0.000000000000000000e+00,0.000000000000000000e+00,0.000000000000000000e+00,0.000000000000000000e+00,0.000000000000000000e+00,0.000000000000000000e+00,0.000000000000000000e+00,0.000000000000000000e+00
2.594501742049934445e-02,2.298093518190442441e-01,2.818264028089035866e-01,3.635144692011912371e-01,3.736023330583540525e-01,5.332729058085957652e-01,6.654191848293939948e-01,7.349543404114864398e-01,8.425654100486539289e-01,1.291536995635479412e+00,8.822179198019999280e-01,1.672656897981752877e+00,0.000000000000000000e+00,0.000000000000000000e+00,0.000000000000000000e+00,0.000000000000000000e+00,0.000000000000000000e+00,0.000000000000000000e+00,0.000000000000000000e+00,0.000000000000000000e+00
2.220987493147783820e-01,1.128066579155833971e+00,9.115729430496914976e-01,7.697659360234533343e-01,6.624517421525569771e-01,5.640255123469887222e-01,4.956724693518458347e-01,4.667946560912623055e-01,4.175789172995127974e-01,5.399860151398959696e-01,1.776411648470090365e-01,2.405308266519214921e-01,2.914110429447852590e-01,3.908611032759801707e-01,4.641438427765001151e-01,0.000000000000000000e+00,0.000000000000000000e+00,0.000000000000000000e+00,0.000000000000000000e+00,0.000000000000000000e+00
7.733992747067629236e-02,7.182716815707637092e-01,8.279315751292911640e-01,7.609081018735998070e-01,1.019122251441647808e+00,9.858346527798826919e-01,8.937469982212384867e-01,4.408465103514434547e-01,6.669827232191841704e-01,4.854464132350335692e-01,8.083670984611085464e-01,0.000000000000000000e+00,0.000000000000000000e+00,0.000000000000000000e+00,0.000000000000000000e+00,0.000000000000000000e+00,0.000000000000000000e+00,0.000000000000000000e+00,0.000000000000000000e+00,0.000000000000000000e+00
7.454020009069155239e-02,6.867299757425598949e-01,7.922336495903682385e-01,6.982391118226564108e-01,9.792238079890536184e-01,9.497898267182994791e-01,8.656512981921935523e-01,4.076541466966490113e-01,7.002705153959510875e-01,4.872384770297996659e-01,8.123590347498054198e-01,0.000000000000000000e+00,0.000000000000000000e+00,0.000000000000000000e+00,0.000000000000000000e+00,0.000000000000000000e+00,0.000000000000000000e+00,0.000000000000000000e+00,0.000000000000000000e+00,0.000000000000000000e+00
2.216879392528284601e-02,1.879753785664107779e-01,2.173098394651209464e-01,2.828014665349607992e-01,2.846203616984636087e-01,4.090019691867735063e-01,5.031877341052429786e-01,5.671258379990135046e-01,9.141411078306869165e-01,1.458638491366309964e+00,8.103630666054569831e-01,1.645009676527509068e+00,0.000000000000000000e+00,0.000000000000000000e+00,0.000000000000000000e+00,0.000000000000000000e+00,0.000000000000000000e+00,0.000000000000000000e+00,0.000000000000000000e+00,0.000000000000000000e+00
2.202408353955958437e-02,1.942067887422266603e-01,2.364218215110134302e-01,3.114196585860881661e-01,3.261760288994807189e-01,4.849116415839516692e-01,5.908248779160315545e-01,6.592361924093946834e-01,6.904091805786335412e-01,8.635042488818198692e-01,2.914113490748687640e-01,1.564832734310201756e+00,0.000000000000000000e+00,0.000000000000000000e+00,0.000000000000000000e+00,0.000000000000000000e+00,0.000000000000000000e+00,0.000000000000000000e+00,0.000000000000000000e+00,0.000000000000000000e+00
2.179386247136349056e-02,1.856949242251730581e-01,2.272729458385918944e-01,2.988306390319155903e-01,3.113939057472754346e-01,4.537260352663886609e-01,5.745771658563096906e-01,6.362055132701462945e-01,7.000621773364302802e-01,8.484914880351001054e-01,3.033871579409592734e-01,1.628421343654962605e+00,0.000000000000000000e+00,0.000000000000000000e+00,0.000000000000000000e+00,0.000000000000000000e+00,0.000000000000000000e+00,0.000000000000000000e+00,0.000000000000000000e+00,0.000000000000000000e+00
3.287533532745042120e+00,3.271600243717375789e-01,3.029386996479253580e-01,2.501162823931256107e-01,2.502173347323845554e-01,2.001998534536302832e-01,2.321691968616343693e-01,2.262396451569436417e-01,2.255606724411803876e-01,2.272201641665685945e-02,1.397177701043891274e-01,4.036494332319601752e-01,0.000000000000000000e+00,0.000000000000000000e+00,2.090738030524775387e-02,2.174622159399804133e-02,3.137500980469056650e-02,3.891050583657587603e-02,9.530617107457707571e-02,0.000000000000000000e+00
5.667863305947749841e-02,4.968203322891233675e-01,5.578185541378466450e-01,4.693980486049582623e-01,6.662508494248847724e-01,6.421867835958514625e-01,5.930024063364066622e-01,2.785933360612470322e-01,5.779992231305247641e-01,4.827752238050991851e-01,7.844154807289275277e-01,0.000000000000000000e+00,0.000000000000000000e+00,0.000000000000000000e+00,0.000000000000000000e+00,0.000000000000000000e+00,0.000000000000000000e+00,0.000000000000000000e+00,0.000000000000000000e+00,0.000000000000000000e+00
2.230274072859693771e-02,2.001469601708483481e-01,2.568994030791383887e-01,3.505448687357781146e-01,3.689277113528972585e-01,5.576459822672157340e-01,7.129786388928686103e-01,7.801750727203274893e-01,7.200626310504265604e-01,7.225398345350304563e-01,8.742340472246062921e-01,0.000000000000000000e+00,0.000000000000000000e+00,0.000000000000000000e+00,0.000000000000000000e+00,0.000000000000000000e+00,0.000000000000000000e+00,0.000000000000000000e+00,0.000000000000000000e+00,0.000000000000000000e+00
5.023005124278475352e-05,4.615859389493249003e-04,5.385462904578893926e-04,6.268391479256064632e-04,6.644529179997090730e-04,7.986440371359855225e-04,9.380122426231199493e-04,1.026058168844670932e-03,1.921339882247328785e-03,2.806439527652558781e-03,1.656653559809185550e-01,2.294719380702239520e-01,3.182515337423312829e-01,3.344481605351170561e-01,3.470625130671126657e-01,4.512340980754593889e-01,6.510314534473291559e-01,1.076523994811932505e+00,1.977603049797474366e+00,0.000000000000000000e+00
2.504326840533125514e-02,2.390905262343467341e-01,3.066187659660542519e-01,4.397948236070906569e-01,4.788360410832021019e-01,6.402719623501881285e-01,8.224357341570569524e-01,9.616884714329334560e-01,4.259124396803445900e-01,2.998494666412396259e-01,9.101614738228778201e-01,0.000000000000000000e+00,0.000000000000000000e+00,0.000000000000000000e+00,0.000000000000000000e+00,0.000000000000000000e+00,0.000000000000000000e+00,0.000000000000000000e+00,0.000000000000000000e+00,0.000000000000000000e+00
1.640854320365640329e-01,9.295626451248172328e-01,7.342565769164314249e-01,6.029968731920074543e-01,4.632800257088559581e-01,3.613335046088015368e-01,2.891981078506376535e-01,3.741280050833146742e-01,2.963030179851302015e-01,7.061407601866992456e-01,2.275403684557194550e-01,0.000000000000000000e+00,0.000000000000000000e+00,0.000000000000000000e+00,0.000000000000000000e+00,0.000000000000000000e+00,0.000000000000000000e+00,0.000000000000000000e+00,0.000000000000000000e+00,0.000000000000000000e+00
2.727491782483212196e-02,2.518281001210673775e-01,2.937705901794160357e-01,3.264040991698336502e-01,3.564281794013497984e-01,4.431031073507485929e-01,5.138743735836992510e-01,5.391750245079556247e-01,6.803395077017950765e-01,1.022051175931974587e+00,2.215524640226742004e-01,7.464749792645838933e-02,0.000000000000000000e+00,0.000000000000000000e+00,0.000000000000000000e+00,0.000000000000000000e+00,0.000000000000000000e+00,0.000000000000000000e+00,0.000000000000000000e+00,0.000000000000000000e+00
2.414628526526322538e+00,2.230778902093665805e-01,2.545977588139671788e-01,2.734436535409285329e-01,2.956580972304116983e-01,2.002190978882600891e-01,2.019183020370387549e-01,2.001555158043863414e-01,1.934534626016979064e-01,4.023690407116318861e-03,0.000000000000000000e+00,0.000000000000000000e+00,0.000000000000000000e+00,0.000000000000000000e+00,0.000000000000000000e+00,0.000000000000000000e+00,0.000000000000000000e+00,0.000000000000000000e+00,0.000000000000000000e+00,0.000000000000000000e+00
1.935292117168435286e-02,1.630057772975330166e-01,1.833429555740983541e-01,2.263784808508475799e-01,2.264064689885361414e-01,3.089790201984774498e-01,3.612575483464351422e-01,4.005459123944118405e-01,6.433710764734941190e-01,7.487445409679308606e-01,9.141534101115745825e-01,0.000000000000000000e+00,0.000000000000000000e+00,0.000000000000000000e+00,0.000000000000000000e+00,0.000000000000000000e+00,0.000000000000000000e+00,0.000000000000000000e+00,0.000000000000000000e+00,0.000000000000000000e+00
1.978944423605617439e-02,1.612693349557712819e-01,1.802591369346906724e-01,2.235278552019477893e-01,2.227637035792671694e-01,3.023589346858321925e-01,3.554396390796893956e-01,4.096815387411131826e-01,6.196205376881235294e-01,7.284232137857719058e-01,9.081655056785293834e-01,0.000000000000000000e+00,0.000000000000000000e+00,0.000000000000000000e+00,0.000000000000000000e+00,0.000000000000000000e+00,0.000000000000000000e+00,0.000000000000000000e+00,0.000000000000000000e+00,0.000000000000000000e+00
1.627292206530088492e-01,7.948564819414392080e-01,6.687590899721719273e-01,4.588611810231612020e-01,4.865358778388457761e-01,4.293914476770283595e-01,4.031219280796979887e-01,3.349770867612535952e-01,2.611170345993960029e-01,3.198664811035326072e-02,0.000000000000000000e+00,0.000000000000000000e+00,0.000000000000000000e+00,0.000000000000000000e+00,2.508885636629730465e-02,0.000000000000000000e+00,0.000000000000000000e+00,0.000000000000000000e+00,0.000000000000000000e+00,0.000000000000000000e+00
9.415144724019594569e-03,7.781020113717190823e-02,9.772691792201913807e-02,1.295094453839154836e-01,1.351262722416819995e-01,1.957062779675760034e-01,2.441176861426669620e-01,2.746868977316697102e-01,4.412137127184829755e-01,7.114831390465680139e-01,3.812299155705474729e-01,8.487696986452861747e-01,0.000000000000000000e+00,0.000000000000000000e+00,0.000000000000000000e+00,0.000000000000000000e+00,0.000000000000000000e+00,0.000000000000000000e+00,0.000000000000000000e+00,0.000000000000000000e+00
2.874773468448663105e-02,2.576418849235481701e-01,2.900712900651993831e-01,3.201804819154294157e-01,3.401608085500863465e-01,3.916916002372838879e-01,4.254108856544092654e-01,3.737447785383244958e-01,3.672537015886008782e-01,1.523930476039769000e-01,1.636693878365701182e-01,4.036494332319601752e-01,0.000000000000000000e+00,0.000000000000000000e+00,0.000000000000000000e+00,0.000000000000000000e+00,0.000000000000000000e+00,0.000000000000000000e+00,0.000000000000000000e+00,0.000000000000000000e+00
2.720794442317507264e-02,2.443493088959479698e-01,2.762550132088094634e-01,3.053079768938135041e-01,3.256444665650809478e-01,3.773833630900403913e-01,4.014022389682222469e-01,3.567468269460182251e-01,3.491051417370116261e-01,1.532045481902860606e-01,1.656653559809185550e-01,3.925905446502626628e-01,0.000000000000000000e+00,0.000000000000000000e+00,0.000000000000000000e+00,0.000000000000000000e+00,0.000000000000000000e+00,0.000000000000000000e+00,0.000000000000000000e+00,0.000000000000000000e+00
2.701300398620902835e-02,2.428381644529591099e-01,2.752997346697829695e-01,3.039572877774500137e-01,3.231273625698349861e-01,3.760651193179002649e-01,4.057684626213846624e-01,3.673782730328425394e-01,3.444754070809939450e-01,1.435003536790055434e-01,1.636693878365701182e-01,3.815316560685650948e-01,0.000000000000000000e+00,0.000000000000000000e+00,0.000000000000000000e+00,0.000000000000000000e+00,0.000000000000000000e+00,0.000000000000000000e+00,0.000000000000000000e+00,0.000000000000000000e+00
4.999020274810045406e-01,1.285406938559834344e-01,1.497928039316443749e-01,1.722389806341776408e-01,1.818021354578733262e-01,2.252849739935521567e-01,2.615602471304921406e-01,2.829571738154900151e-01,5.407761564961427458e-01,7.924303225309080601e-01,0.000000000000000000e+00,0.000000000000000000e+00,0.000000000000000000e+00,0.000000000000000000e+00,0.000000000000000000e+00,0.000000000000000000e+00,0.000000000000000000e+00,0.000000000000000000e+00,0.000000000000000000e+00,0.000000000000000000e+00
2.005972974988639787e-02,1.737431454488065907e-01,1.946396051429888363e-01,2.483850123655215458e-01,2.489196972689968756e-01,2.916397845970432057e-01,3.269196001789816952e-01,3.953661729637381050e-01,4.017452247759324413e-01,5.646015329246075742e-01,3.453024889722760005e-01,0.000000000000000000e+00,0.000000000000000000e+00,0.000000000000000000e+00,0.000000000000000000e+00,0.000000000000000000e+00,0.000000000000000000e+00,0.000000000000000000e+00,0.000000000000000000e+00,0.000000000000000000e+00
2.991677932948239374e-03,2.749733379169549616e-02,3.207556060905738388e-02,3.742378960532043164e-02,3.912455123045345540e-02,4.828428648612500401e-02,5.583406206089999713e-02,6.184781950276974083e-02,2.791729997578648939e-02,1.476592941838400508e-01,0.000000000000000000e+00,0.000000000000000000e+00,0.000000000000000000e+00,0.000000000000000000e+00,2.090738030524775248e-01,2.718277699249755375e-01,3.921876225586320430e-01,6.485084306095979523e-01,1.191327138432213495e+00,0.000000000000000000e+00
9.507831128098541765e-03,8.737162415826507655e-02,1.019391192652433498e-01,1.186516958573469310e-01,1.242917811317102855e-01,1.529932553067731293e-01,1.775523173536620036e-01,1.965581311401236875e-01,1.903283917088859911e-01,1.352500977181956068e-02,3.173589349513981639e-01,4.395908211224772155e-01,6.096625766871165419e-01,6.406898496998025827e-01,0.000000000000000000e+00,0.000000000000000000e+00,0.000000000000000000e+00,0.000000000000000000e+00,0.000000000000000000e+00,0.000000000000000000e+00
2.059415357603760377e+00,1.194903124101555913e-01,1.384063966476775653e-01,1.292557247764217765e-01,1.400041383691151553e-01,7.088687495880488521e-02,6.447717486792731156e-02,5.660626933903310787e-02,6.101990276631275717e-02,3.530027550444905099e-02,1.197580886609049718e-02,2.211777716339508038e-02,0.000000000000000000e+00,0.000000000000000000e+00,0.000000000000000000e+00,0.000000000000000000e+00,0.000000000000000000e+00,0.000000000000000000e+00,0.000000000000000000e+00,0.000000000000000000e+00
1.976192534369673348e+00,1.195177877636644792e-01,1.455229012001568178e-01,1.387403980742008824e-01,1.432091465618196557e-01,7.149307464964303749e-02,6.295848837987083613e-02,5.481375808020808038e-02,5.997821246870878309e-02,1.727819998349948774e-02,1.197580886609049718e-02,1.935305501797069533e-02,0.000000000000000000e+00,0.000000000000000000e+00,0.000000000000000000e+00,0.000000000000000000e+00,0.000000000000000000e+00,0.000000000000000000e+00,0.000000000000000000e+00,0.000000000000000000e+00
1.132089678724286855e-02,1.117422627206490632e-01,1.424454938261117409e-01,1.992527629614478379e-01,2.153061967113645558e-01,3.342469628673822579e-01,4.396374046675265990e-01,4.748918621225063919e-01,2.359312780706599444e-01,1.268307791352379366e-01,4.411089599009999640e-01,0.000000000000000000e+00,0.000000000000000000e+00,0.000000000000000000e+00,0.000000000000000000e+00,0.000000000000000000e+00,0.000000000000000000e+00,0.000000000000000000e+00,0.000000000000000000e+00,0.000000000000000000e+00
3.531292197727869953e-02,1.754740927198665812e-01,1.355149159691477201e-01,9.696604628744440180e-02,8.791102959793797855e-02,7.608287230884623609e-02,3.564446521967856024e-02,5.640847499323172615e-02,6.145972755863442910e-02,3.269671112337378671e-02,4.590726732001357280e-02,4.147083218136577570e-02,0.000000000000000000e+00,0.000000000000000000e+00,8.362952122099101548e-02,1.413504403609872895e-01,2.823750882422150776e-01,4.280155642023346085e-01,8.101024541339051366e-01,0.000000000000000000e+00
1.831423546919962522e-02,1.456358588092137862e-01,1.679046285809721872e-01,1.977155145748683562e-01,2.006725983290650606e-01,2.416619878634972962e-01,2.689861773845918513e-01,3.086209901832193681e-01,3.028077951768350373e-01,3.777197104024907492e-01,3.492944252609728184e-01,0.000000000000000000e+00,0.000000000000000000e+00,0.000000000000000000e+00,0.000000000000000000e+00,0.000000000000000000e+00,0.000000000000000000e+00,0.000000000000000000e+00,0.000000000000000000e+00,0.000000000000000000e+00
1.230456862408073684e-02,1.092584907634455565e-01,1.189033274146668595e-01,1.650825670286936442e-01,1.730548082197359838e-01,1.628945169237963619e-01,1.894896398222824241e-01,2.819187535000327594e-01,2.446351792239731260e-01,3.492495648328106106e-01,3.572782978383665098e-01,2.128836051976776278e-01,0.000000000000000000e+00,0.000000000000000000e+00,0.000000000000000000e+00,0.000000000000000000e+00,0.000000000000000000e+00,0.000000000000000000e+00,0.000000000000000000e+00,0.000000000000000000e+00
1.729647895473272398e-02,1.450863517390360014e-01,1.673917273519646975e-01,1.939843291705492800e-01,1.950755596315616458e-01,2.348975690911286607e-01,2.579980339710067350e-01,2.970376588072259350e-01,3.114653989835880488e-01,3.174657918690346192e-01,1.756451967026606276e-01,0.000000000000000000e+00,0.000000000000000000e+00,0.000000000000000000e+00,0.000000000000000000e+00,0.000000000000000000e+00,0.000000000000000000e+00,0.000000000000000000e+00,0.000000000000000000e+00,0.000000000000000000e+00
8.000911651510984601e-01,6.297351024237218819e-02,6.928654477355250529e-02,5.246792915553498415e-02,6.216152475216101675e-02,1.037275026545292078e-01,1.190605539386631606e-01,1.196037684767733839e-01,1.107895503185025998e-01,2.417595496712746442e-02,1.257459930939502091e-01,2.875311031241360449e-01,0.000000000000000000e+00,0.000000000000000000e+00,2.508885636629730465e-02,2.718277699249755514e-02,3.921876225586320291e-02,9.079118028534370610e-02,1.667857993805098860e-01,0.000000000000000000e+00
1.491946137502803971e-01,8.475597050421888878e-02,9.820776282421368741e-02,1.122116698494921849e-01,1.189527065082537916e-01,1.491636128154463503e-01,1.723039155199374006e-01,1.806356863031124138e-01,3.586655438016880804e-01,5.200366257264621428e-01,0.000000000000000000e+00,3.096488802875311253e-01,0.000000000000000000e+00,0.000000000000000000e+00,0.000000000000000000e+00,0.000000000000000000e+00,0.000000000000000000e+00,0.000000000000000000e+00,0.000000000000000000e+00,0.000000000000000000e+00
1.290673126219364468e-02,1.189353102692760483e-01,1.392078048180017957e-01,1.543964520307237742e-01,1.681222224402322551e-01,2.092639821642579834e-01,2.428781699649149861e-01,2.550928953507202723e-01,3.172525673036101224e-01,4.830457240005355812e-01,1.057863116504660639e-01,3.594138789051700561e-02,0.000000000000000000e+00,0.000000000000000000e+00,0.000000000000000000e+00,0.000000000000000000e+00,0.000000000000000000e+00,0.000000000000000000e+00,0.000000000000000000e+00,0.000000000000000000e+00
7.328737889594443278e-01,6.273722220219574153e-02,7.524261029540225965e-02,6.013924634681502845e-02,6.412361513354838949e-02,1.042663468241631225e-01,1.190047198766022579e-01,1.209759667507704639e-01,1.076644794256906706e-01,2.251914127007956928e-02,1.237500249496018001e-01,3.151783245783798537e-01,0.000000000000000000e+00,0.000000000000000000e+00,2.508885636629730465e-02,3.805588778949657580e-02,4.706251470703584627e-02,6.485084306095979800e-02,1.429592566118656205e-01,0.000000000000000000e+00
1.484894197094397184e+00,3.183294457539808525e-02,3.743537845218590510e-02,2.831969721878186200e-02,4.140714243111127957e-02,5.830101471092694054e-02,7.089809200493081554e-02,5.022740168693852481e-02,1.372716325509236168e-01,2.337797939059010899e-01,0.000000000000000000e+00,0.000000000000000000e+00,0.000000000000000000e+00,0.000000000000000000e+00,0.000000000000000000e+00,0.000000000000000000e+00,0.000000000000000000e+00,0.000000000000000000e+00,0.000000000000000000e+00,0.000000000000000000e+00
1.687849317117669570e-02,1.368052801914570460e-01,1.505493332444304555e-01,1.788282540582051550e-01,1.756657173328171895e-01,2.174717335338603452e-01,2.319235269885664141e-01,2.609401906984736286e-01,2.207457483989220259e-01,2.625880647198767792e-01,2.714516676313846189e-01,0.000000000000000000e+00,0.000000000000000000e+00,0.000000000000000000e+00,0.000000000000000000e+00,0.000000000000000000e+00,0.000000000000000000e+00,0.000000000000000000e+00,0.000000000000000000e+00,0.000000000000000000e+00
1.901566225619708342e-04,1.747432483165301323e-03,1.019391192652433420e-03,1.186516958573469388e-03,1.242917811317102760e-03,1.529932553067731276e-03,8.375109309135000089e-04,1.396922567222262743e-03,3.680639051534039495e-03,5.376191384298275276e-03,3.173589349513981639e-01,4.395908211224772155e-01,6.096625766871165419e-01,6.406898496998025827e-01,0.000000000000000000e+00,0.000000000000000000e+00,0.000000000000000000e+00,0.000000000000000000e+00,0.000000000000000000e+00,0.000000000000000000e+00
9.131817336170262589e-01,4.219664791895078731e-02,4.965525023328992010e-02,5.593046921074310007e-02,6.048866681743233359e-02,4.711037597370825586e-02,6.797238715293965616e-02,7.382673957036595125e-02,1.376420113234050335e-01,2.169749692644152850e-01,1.357258338156923094e-01,1.935305501797069394e-01,0.000000000000000000e+00,0.000000000000000000e+00,0.000000000000000000e+00,0.000000000000000000e+00,0.000000000000000000e+00,0.000000000000000000e+00,0.000000000000000000e+00,0.000000000000000000e+00
2.607178850220732503e-04,1.285846544215976531e-03,1.391244583682880922e-03,1.492474161727634467e-03,1.375808394917044661e-03,1.539554770382622765e-03,1.630354612178279948e-03,1.854321991887959492e-03,3.449152318733156655e-03,5.105691188861884340e-03,1.916129418574479548e-01,2.764722145424384769e-01,3.680981595092024383e-01,3.022121932546238399e-01,2.090738030524775248e-01,2.718277699249755514e-02,3.921876225586320291e-02,6.485084306095979800e-02,1.191327138432213550e-01,0.000000000000000000e+00
2.062063198876415773e-02,1.811999563911189104e-01,2.090970085356381458e-01,1.755671980148302558e-01,2.530158540811362489e-01,2.516883383056141565e-01,2.340117209096440609e-01,1.084901986720582107e-01,1.176184089361286406e-01,0.000000000000000000e+00,0.000000000000000000e+00,3.594138789051700561e-02,0.000000000000000000e+00,0.000000000000000000e+00,0.000000000000000000e+00,0.000000000000000000e+00,0.000000000000000000e+00,0.000000000000000000e+00,0.000000000000000000e+00,0.000000000000000000e+00
8.897296814778504065e-03,7.380429459557598382e-02,8.479539568566719920e-02,1.070924834747664089e-01,9.439139982172337073e-02,1.316415550850291161e-01,1.452132286079887147e-01,1.751592553537366370e-01,1.670408263891171585e-01,2.999509042145283022e-01,5.389113989740723643e-02,0.000000000000000000e+00,0.000000000000000000e+00,0.000000000000000000e+00,0.000000000000000000e+00,0.000000000000000000e+00,0.000000000000000000e+00,0.000000000000000000e+00,0.000000000000000000e+00,0.000000000000000000e+00
5.882423361738506884e-01,4.457601353282052148e-02,5.148887212699178317e-02,5.469171565650916139e-02,6.188010939865525722e-02,7.672756086894395866e-02,8.837415342999251078e-02,8.762289519001237315e-02,0.000000000000000000e+00,0.000000000000000000e+00,0.000000000000000000e+00,1.907658280342825474e-01,0.000000000000000000e+00,0.000000000000000000e+00,0.000000000000000000e+00,0.000000000000000000e+00,0.000000000000000000e+00,0.000000000000000000e+00,0.000000000000000000e+00,0.000000000000000000e+00
4.756116118675145499e-01,2.174399476693426869e-02,2.545272348949786587e-02,2.923010645743572000e-02,3.094787179248056561e-02,3.221518357025637824e-02,3.967568450047553874e-02,4.309444309147617697e-02,8.139073525279046095e-02,1.221646507639601725e-01,7.385082134089139549e-02,8.294166436273155141e-02,0.000000000000000000e+00,0.000000000000000000e+00,0.000000000000000000e+00,0.000000000000000000e+00,0.000000000000000000e+00,0.000000000000000000e+00,0.000000000000000000e+00,0.000000000000000000e+00
6.949901647167759933e-01,1.466084863234284365e-02,1.729759394827840024e-02,1.289497675732676103e-02,1.875320647389766907e-02,2.648034205058110921e-02,3.209341887260531989e-02,2.219005316959258081e-02,6.257086387607867228e-02,1.082000781745564855e-01,0.000000000000000000e+00,0.000000000000000000e+00,0.000000000000000000e+00,0.000000000000000000e+00,0.000000000000000000e+00,0.000000000000000000e+00,0.000000000000000000e+00,0.000000000000000000e+00,0.000000000000000000e+00,0.000000000000000000e+00
1.841768545568774160e-04,1.626540927726192413e-03,2.333700591984187115e-03,1.984990635097753746e-03,1.649406655269865891e-03,2.030287853442083474e-03,2.367364231382159800e-03,2.558964348805383825e-03,4.814924042258366017e-03,7.033005081346171278e-03,3.053831260853076546e-01,0.000000000000000000e+00,0.000000000000000000e+00,0.000000000000000000e+00,0.000000000000000000e+00,0.000000000000000000e+00,0.000000000000000000e+00,0.000000000000000000e+00,0.000000000000000000e+00,0.000000000000000000e+00
1.877647153599334669e-04,1.670501493340413894e-03,2.404224510972720243e-03,2.059614343184135599e-03,1.711943400493367911e-03,2.107265591961214948e-03,2.367364231382159800e-03,2.620775081868316047e-03,4.722329349138012708e-03,6.897754983627975810e-03,3.013911897966108366e-01,0.000000000000000000e+00,0.000000000000000000e+00,0.000000000000000000e+00,0.000000000000000000e+00,0.000000000000000000e+00,0.000000000000000000e+00,0.000000000000000000e+00,0.000000000000000000e+00,0.000000000000000000e+00
1.823829241553493906e-04,1.626540927726192413e-03,2.327289326621593234e-03,1.977528264289115430e-03,1.633772468963990386e-03,2.011043418812300931e-03,2.311530169321259712e-03,2.546602202192797468e-03,4.722329349138012708e-03,6.897754983627975810e-03,2.993952216522624554e-01,0.000000000000000000e+00,0.000000000000000000e+00,0.000000000000000000e+00,0.000000000000000000e+00,0.000000000000000000e+00,0.000000000000000000e+00,0.000000000000000000e+00,0.000000000000000000e+00,0.000000000000000000e+00
