3.931957654537443858e+01,4.456410284430020141e+01,4.630823820594368811e+01,4.796240798316185305e+01,4.890944959039011053e+01,4.946918983036538719e+01,5.132853197083808539e+01,5.339835261186080118e+01,5.583277339231576519e+01,5.843689255706044605e+01,5.874744938000313965e+01,6.931397331931215433e+01,6.138516323350101800e+01,7.117353404868437394e+01,5.944045674661165179e+01,7.127689553648828280e+01,5.250789460269422904e+01,6.278644854121098717e+01,2.499824164076017396e+01,0.000000000000000000e+00
3.932852682179413506e+01,4.448572689594211482e+01,4.627042490941359887e+01,4.709245488637456134e+01,4.745616713717620883e+01,4.703602669682901904e+01,4.635457048084524700e+01,4.425872450334164654e+01,4.165684913317566185e+01,4.085906148106345626e+01,4.057657092031601564e+01,2.998914706734885272e+01,3.795081327400995264e+01,2.818685654808665575e+01,3.993953981489440963e+01,2.780120182823893771e+01,4.655789956616575864e+01,3.534458561282907851e+01,6.997144424594522150e+01,0.000000000000000000e+00
8.634139870444748510e+00,4.314441147919273689e+00,2.831350151125868742e+00,1.778636067395322540e+00,1.232257220192233715e+00,1.261295679042817586e+00,6.785793517017086884e-01,7.260995971667284499e-01,7.949083092870599110e-01,0.000000000000000000e+00,0.000000000000000000e+00,0.000000000000000000e+00,0.000000000000000000e+00,0.000000000000000000e+00,0.000000000000000000e+00,0.000000000000000000e+00,0.000000000000000000e+00,0.000000000000000000e+00,0.000000000000000000e+00,0.000000000000000000e+00
8.297598821973140915e+00,4.072938806657887767e+00,2.708998036764200368e+00,1.679607786574355943e+00,1.151311575642631535e+00,1.098321682624239015e+00,6.574618951888030471e-01,6.734919974171471591e-01,7.956212315375416066e-01,0.000000000000000000e+00,0.000000000000000000e+00,0.000000000000000000e+00,0.000000000000000000e+00,0.000000000000000000e+00,0.000000000000000000e+00,0.000000000000000000e+00,0.000000000000000000e+00,0.000000000000000000e+00,0.000000000000000000e+00,0.000000000000000000e+00
1.115481474259697681e+00,6.586979393378659120e-01,4.666186255312322340e-01,3.778833723303097192e-01,3.140192455367374902e-01,2.644213743472633715e-01,2.441086489325773878e-01,2.292773584101688300e-01,2.027372649807243632e-01,1.754726297968397242e-01,1.874117093078009610e-01,2.255522524890965219e-01,1.972959951335448991e-01,2.331572220314699351e-01,2.498280753030172885e-01,4.004304896148406234e-01,4.265902560346423456e-01,8.934387594600177174e-01,2.510936994471718364e+00,0.000000000000000000e+00
5.727111399508907352e-01,3.337200527686865481e-01,2.345824877329591995e-01,1.899099330106734096e-01,1.576674359618856214e-01,1.327114852311075677e-01,1.222830333815909110e-01,1.148845091104562927e-01,1.016805359749479165e-01,8.778530223225482210e-02,9.375817506409250823e-02,1.128435357641206088e-01,9.864799756677244957e-02,1.127136300799781443e-01,1.201681996618814280e-01,1.927004635009755829e-01,2.052462552619505609e-01,4.300369132670624484e-01,1.208344469608518823e+00,0.000000000000000000e+00
5.717521817630659697e-01,3.335379243061967758e-01,2.342641939911234150e-01,1.895760547880808167e-01,1.574597054797223783e-01,1.324253149125499407e-01,1.222067970764901673e-01,1.148025658086656714e-01,1.015914206936377046e-01,8.778530223225482210e-02,9.375817506409250823e-02,1.127087167249758992e-01,9.864799756677244957e-02,1.127136300799781443e-01,1.201681996618814280e-01,1.927004635009755829e-01,2.052462552619505609e-01,4.300369132670624484e-01,1.208344469608518823e+00,0.000000000000000000e+00
9.032320620211535811e-01,4.330407743130873510e-01,2.839180177175028574e-01,1.790922785986730215e-01,1.238073673692803994e-01,1.244840885725752994e-01,6.800278414986228592e-02,7.309342519723752152e-02,7.984729205394683338e-02,0.000000000000000000e+00,0.000000000000000000e+00,0.000000000000000000e+00,0.000000000000000000e+00,0.000000000000000000e+00,0.000000000000000000e+00,0.000000000000000000e+00,0.000000000000000000e+00,0.000000000000000000e+00,0.000000000000000000e+00,0.000000000000000000e+00
9.032853374760326792e-01,4.315837466131694500e-01,2.841726527109714739e-01,1.784245221534878356e-01,1.237381238752259943e-01,1.253425995282482219e-01,6.815525676006375932e-02,7.309342519723752152e-02,7.984729205394683338e-02,0.000000000000000000e+00,0.000000000000000000e+00,0.000000000000000000e+00,0.000000000000000000e+00,0.000000000000000000e+00,0.000000000000000000e+00,0.000000000000000000e+00,0.000000000000000000e+00,0.000000000000000000e+00,0.000000000000000000e+00,0.000000000000000000e+00
9.392462695194607469e-02,1.010812966818015468e-01,9.975325869132890821e-02,9.816019744222571897e-02,9.500207384264693078e-02,9.121678904024914381e-02,8.973013110357387634e-02,8.849876593387503987e-02,8.751120624662475644e-02,8.660960622021569855e-02,8.235232564223303464e-02,9.289031797070382290e-02,7.967205260508770925e-02,8.880467824483126438e-02,7.091893750537264784e-02,8.024712895096336451e-02,5.392744746098308839e-02,5.507861943321982340e-02,8.440124351165440714e-03,0.000000000000000000e+00
9.557616605319980974e-02,1.071522454314592920e-01,1.142037945706726731e-01,1.138524739040781275e-01,1.212453580892673272e-01,1.193330228385376945e-01,1.179375639908485929e-01,1.120164935477844237e-01,1.264545841791858694e-01,1.298164346626536347e-01,9.239784439910009306e-02,2.184068434144269960e-02,4.373888023083362386e-02,8.269261536968093226e-03,0.000000000000000000e+00,0.000000000000000000e+00,0.000000000000000000e+00,0.000000000000000000e+00,0.000000000000000000e+00,0.000000000000000000e+00
4.704222665829176780e-02,5.075313154713879255e-02,5.022675246168380181e-02,4.954752823274249929e-02,4.812422836781313218e-02,4.635959160633838783e-02,4.581801936554621979e-02,4.539658919200626613e-02,4.518144762427571404e-02,4.506834712816654154e-02,4.321665881860514008e-02,4.934376832696313331e-02,4.293139321118746160e-02,4.889650300120263610e-02,4.029485085532536620e-02,4.777253830525578226e-02,3.514674436511833200e-02,4.448657723452370538e-02,5.204743349885355280e-02,0.000000000000000000e+00
4.784135848147905157e-02,5.384931540946424205e-02,5.710189728533633657e-02,5.722672735237240710e-02,6.100351826193290555e-02,5.902262820251415187e-02,5.908313645307541190e-02,5.596727512299689428e-02,6.318273444893783564e-02,6.446733132681213563e-02,4.321665881860514008e-02,8.223961387827188885e-03,2.193673070038732603e-02,8.089494981816613278e-03,1.790882260236683048e-04,0.000000000000000000e+00,0.000000000000000000e+00,0.000000000000000000e+00,0.000000000000000000e+00,0.000000000000000000e+00
4.501775937288396423e-02,4.711056229734414402e-02,4.596161632108454465e-02,4.467290618289047888e-02,4.237701836129732086e-02,3.326729953232615555e-02,3.766073471976677522e-02,2.990930515357813693e-02,2.486316348554817521e-02,2.184835089039377856e-02,3.421754826557839996e-02,6.943180515952462883e-02,7.711501037620820120e-02,2.157198661817763541e-02,1.307344049972778560e-02,0.000000000000000000e+00,0.000000000000000000e+00,0.000000000000000000e+00,0.000000000000000000e+00,0.000000000000000000e+00
1.774072647475782166e-02,7.952942862051653322e-03,5.474652359575167375e-03,4.206865604666816354e-03,2.146548315686629040e-03,2.503990287379388290e-03,1.296017186712621928e-03,1.720809337603125587e-03,2.049651470134795667e-03,0.000000000000000000e+00,0.000000000000000000e+00,0.000000000000000000e+00,0.000000000000000000e+00,0.000000000000000000e+00,0.000000000000000000e+00,0.000000000000000000e+00,0.000000000000000000e+00,0.000000000000000000e+00,0.000000000000000000e+00,0.000000000000000000e+00
5.860300036706788578e-04,6.678043624623524821e-04,7.002462320386841285e-04,7.345320897037297759e-04,7.616784345984812339e-04,7.869683760335220062e-04,8.385993561081671365e-04,9.013763196968753747e-04,9.802680944122935894e-04,1.077721344369199840e-03,1.151049024224349866e-03,8.089142348682481012e-04,8.074870196461592271e-04,1.078599330908881640e-03,1.074529356142009829e-03,1.610310279952442084e-03,1.609774551074122113e-03,3.177612659608835665e-03,8.440124351165440714e-03,0.000000000000000000e+00
3.729281841540683690e-04,4.249664124760425083e-04,4.456112385700717379e-04,4.674295116296462555e-04,4.847044583808516943e-04,5.007980574758776797e-04,5.336541357051972391e-04,5.736031125343752680e-04,6.238069691714596358e-04,6.858226736894907976e-04,7.324857426882227206e-04,5.392761565788320314e-04,5.383246797641060791e-04,7.190662206059212020e-04,7.163529040946732193e-04,1.073540186634961389e-03,1.073183034049414670e-03,2.118408439739223777e-03,5.626749567443627142e-03,0.000000000000000000e+00
2.131018195166104888e-04,2.428379499863100009e-04,2.546349934686123907e-04,2.671025780740835746e-04,2.769739762176295396e-04,2.861703185576443807e-04,3.049452204029698432e-04,3.277732071625001067e-04,3.564611252408340621e-04,3.918986706797090427e-04,4.185632815361272534e-04,2.696380782894160157e-04,2.691623398820530396e-04,3.595331103029606010e-04,3.581764520473366097e-04,5.367700933174806947e-04,5.365915170247073348e-04,1.059204219869611888e-03,2.813374783721813571e-03,0.000000000000000000e+00
9.056827329455946181e-04,4.856758999726200018e-04,3.819524902029186402e-04,2.671025780740835746e-04,2.077304821632221547e-04,2.146277389182332720e-04,2.287089153022273959e-04,1.638866035812500534e-04,1.782305626204170310e-04,1.959493353398545214e-04,2.092816407680636267e-04,1.348190391447080078e-04,1.345811699410265198e-04,1.797665551514803005e-04,1.790882260236683048e-04,2.683850466587403474e-04,2.682957585123536674e-04,5.296021099348059442e-04,1.406687391860906786e-03,0.000000000000000000e+00
9.056827329455946181e-04,6.070948749657750022e-05,3.819524902029186402e-04,2.671025780740835746e-04,2.077304821632221547e-04,7.154257963941109517e-05,2.287089153022273959e-04,1.638866035812500534e-04,1.782305626204170310e-04,9.797466766992726068e-05,2.092816407680636267e-04,1.348190391447080078e-04,1.345811699410265198e-04,1.797665551514803005e-04,1.790882260236683048e-04,2.683850466587403474e-04,2.682957585123536674e-04,5.296021099348059442e-04,1.406687391860906786e-03,0.000000000000000000e+00
1.065509097583052444e-04,1.214189749931550004e-04,1.273174967343061953e-04,1.335512890370417873e-04,1.384869881088147698e-04,1.430851592788221903e-04,1.524726102014849216e-04,1.638866035812500534e-04,1.782305626204170310e-04,1.959493353398545214e-04,2.092816407680636267e-04,1.348190391447080078e-04,1.345811699410265198e-04,1.797665551514803005e-04,1.790882260236683048e-04,2.683850466587403474e-04,2.682957585123536674e-04,5.296021099348059442e-04,1.406687391860906786e-03,0.000000000000000000e+00
1.065509097583052444e-04,1.214189749931550004e-04,1.273174967343061953e-04,1.335512890370417873e-04,1.384869881088147698e-04,1.430851592788221903e-04,1.524726102014849216e-04,1.638866035812500534e-04,1.782305626204170310e-04,1.959493353398545214e-04,2.092816407680636267e-04,1.348190391447080078e-04,1.345811699410265198e-04,1.797665551514803005e-04,1.790882260236683048e-04,2.683850466587403474e-04,2.682957585123536674e-04,5.296021099348059442e-04,1.406687391860906786e-03,0.000000000000000000e+00
1.065509097583052444e-04,1.214189749931550004e-04,1.273174967343061953e-04,1.335512890370417873e-04,1.384869881088147698e-04,1.430851592788221903e-04,1.524726102014849216e-04,1.638866035812500534e-04,1.782305626204170310e-04,1.959493353398545214e-04,2.092816407680636267e-04,1.348190391447080078e-04,1.345811699410265198e-04,1.797665551514803005e-04,1.790882260236683048e-04,2.683850466587403474e-04,2.682957585123536674e-04,5.296021099348059442e-04,1.406687391860906786e-03,0.000000000000000000e+00
1.065509097583052444e-04,1.214189749931550004e-04,1.273174967343061953e-04,1.335512890370417873e-04,1.384869881088147698e-04,1.430851592788221903e-04,1.524726102014849216e-04,1.638866035812500534e-04,1.782305626204170310e-04,1.959493353398545214e-04,2.092816407680636267e-04,1.348190391447080078e-04,1.345811699410265198e-04,1.797665551514803005e-04,1.790882260236683048e-04,2.683850466587403474e-04,2.682957585123536674e-04,5.296021099348059442e-04,1.406687391860906786e-03,0.000000000000000000e+00
1.065509097583052444e-04,1.214189749931550004e-04,1.273174967343061953e-04,1.335512890370417873e-04,1.384869881088147698e-04,1.430851592788221903e-04,1.524726102014849216e-04,1.638866035812500534e-04,1.782305626204170310e-04,1.959493353398545214e-04,2.092816407680636267e-04,1.348190391447080078e-04,1.345811699410265198e-04,1.797665551514803005e-04,1.790882260236683048e-04,2.683850466587403474e-04,2.682957585123536674e-04,5.296021099348059442e-04,1.406687391860906786e-03,0.000000000000000000e+00
1.065509097583052444e-04,1.214189749931550004e-04,1.273174967343061953e-04,1.335512890370417873e-04,1.384869881088147698e-04,1.430851592788221903e-04,1.524726102014849216e-04,1.638866035812500534e-04,1.782305626204170310e-04,1.959493353398545214e-04,2.092816407680636267e-04,1.348190391447080078e-04,1.345811699410265198e-04,1.797665551514803005e-04,1.790882260236683048e-04,2.683850466587403474e-04,2.682957585123536674e-04,5.296021099348059442e-04,1.406687391860906786e-03,0.000000000000000000e+00
1.065509097583052444e-04,1.214189749931550004e-04,1.273174967343061953e-04,1.335512890370417873e-04,1.384869881088147698e-04,1.430851592788221903e-04,1.524726102014849216e-04,1.638866035812500534e-04,1.782305626204170310e-04,1.959493353398545214e-04,2.092816407680636267e-04,1.348190391447080078e-04,1.345811699410265198e-04,1.797665551514803005e-04,1.790882260236683048e-04,2.683850466587403474e-04,2.682957585123536674e-04,5.296021099348059442e-04,1.406687391860906786e-03,0.000000000000000000e+00
5.327545487915262220e-05,6.070948749657750022e-05,6.365874836715309766e-05,6.677564451852089364e-05,6.924349405440738490e-05,7.154257963941109517e-05,7.623630510074246079e-05,8.194330179062502668e-05,8.911528131020851552e-05,9.797466766992726068e-05,1.046408203840318134e-04,1.348190391447080078e-04,1.345811699410265198e-04,1.797665551514803005e-04,1.790882260236683048e-04,2.683850466587403474e-04,2.682957585123536674e-04,5.296021099348059442e-04,1.406687391860906786e-03,0.000000000000000000e+00
5.327545487915262220e-05,6.070948749657750022e-05,6.365874836715309766e-05,6.677564451852089364e-05,6.924349405440738490e-05,7.154257963941109517e-05,7.623630510074246079e-05,8.194330179062502668e-05,8.911528131020851552e-05,9.797466766992726068e-05,1.046408203840318134e-04,1.348190391447080078e-04,1.345811699410265198e-04,1.797665551514803005e-04,1.790882260236683048e-04,2.683850466587403474e-04,2.682957585123536674e-04,5.296021099348059442e-04,1.406687391860906786e-03,0.000000000000000000e+00
5.327545487915262220e-05,6.070948749657750022e-05,6.365874836715309766e-05,6.677564451852089364e-05,6.924349405440738490e-05,7.154257963941109517e-05,7.623630510074246079e-05,8.194330179062502668e-05,8.911528131020851552e-05,9.797466766992726068e-05,1.046408203840318134e-04,1.348190391447080078e-04,1.345811699410265198e-04,1.797665551514803005e-04,1.790882260236683048e-04,2.683850466587403474e-04,2.682957585123536674e-04,5.296021099348059442e-04,1.406687391860906786e-03,0.000000000000000000e+00
5.327545487915262220e-05,6.070948749657750022e-05,6.365874836715309766e-05,6.677564451852089364e-05,6.924349405440738490e-05,7.154257963941109517e-05,7.623630510074246079e-05,8.194330179062502668e-05,8.911528131020851552e-05,9.797466766992726068e-05,1.046408203840318134e-04,1.348190391447080078e-04,1.345811699410265198e-04,1.797665551514803005e-04,1.790882260236683048e-04,2.683850466587403474e-04,2.682957585123536674e-04,5.296021099348059442e-04,1.406687391860906786e-03,0.000000000000000000e+00
5.327545487915262220e-05,6.070948749657750022e-05,6.365874836715309766e-05,6.677564451852089364e-05,6.924349405440738490e-05,7.154257963941109517e-05,7.623630510074246079e-05,8.194330179062502668e-05,8.911528131020851552e-05,9.797466766992726068e-05,1.046408203840318134e-04,1.348190391447080078e-04,1.345811699410265198e-04,1.797665551514803005e-04,1.790882260236683048e-04,2.683850466587403474e-04,2.682957585123536674e-04,5.296021099348059442e-04,1.406687391860906786e-03,0.000000000000000000e+00
5.327545487915262220e-05,6.070948749657750022e-05,6.365874836715309766e-05,6.677564451852089364e-05,6.924349405440738490e-05,7.154257963941109517e-05,7.623630510074246079e-05,8.194330179062502668e-05,8.911528131020851552e-05,9.797466766992726068e-05,1.046408203840318134e-04,1.348190391447080078e-04,1.345811699410265198e-04,1.797665551514803005e-04,1.790882260236683048e-04,2.683850466587403474e-04,2.682957585123536674e-04,5.296021099348059442e-04,1.406687391860906786e-03,0.000000000000000000e+00
5.327545487915262220e-05,6.070948749657750022e-05,6.365874836715309766e-05,6.677564451852089364e-05,6.924349405440738490e-05,7.154257963941109517e-05,7.623630510074246079e-05,8.194330179062502668e-05,8.911528131020851552e-05,9.797466766992726068e-05,1.046408203840318134e-04,1.348190391447080078e-04,1.345811699410265198e-04,1.797665551514803005e-04,1.790882260236683048e-04,2.683850466587403474e-04,2.682957585123536674e-04,5.296021099348059442e-04,1.406687391860906786e-03,0.000000000000000000e+00
5.327545487915262220e-05,6.070948749657750022e-05,6.365874836715309766e-05,6.677564451852089364e-05,6.924349405440738490e-05,7.154257963941109517e-05,7.623630510074246079e-05,8.194330179062502668e-05,8.911528131020851552e-05,9.797466766992726068e-05,1.046408203840318134e-04,1.348190391447080078e-04,1.345811699410265198e-04,1.797665551514803005e-04,1.790882260236683048e-04,2.683850466587403474e-04,2.682957585123536674e-04,5.296021099348059442e-04,1.406687391860906786e-03,0.000000000000000000e+00
5.327545487915262220e-05,6.070948749657750022e-05,6.365874836715309766e-05,6.677564451852089364e-05,6.924349405440738490e-05,7.154257963941109517e-05,7.623630510074246079e-05,8.194330179062502668e-05,8.911528131020851552e-05,9.797466766992726068e-05,1.046408203840318134e-04,1.348190391447080078e-04,1.345811699410265198e-04,1.797665551514803005e-04,1.790882260236683048e-04,2.683850466587403474e-04,2.682957585123536674e-04,5.296021099348059442e-04,1.406687391860906786e-03,0.000000000000000000e+00
8.524072780664419553e-04,4.249664124760425083e-04,3.182937418357655425e-04,2.003269335555626809e-04,1.384869881088147698e-04,1.430851592788221903e-04,1.524726102014849216e-04,8.194330179062502668e-05,8.911528131020851552e-05,9.797466766992726068e-05,1.046408203840318134e-04,0.000000000000000000e+00,0.000000000000000000e+00,0.000000000000000000e+00,0.000000000000000000e+00,0.000000000000000000e+00,0.000000000000000000e+00,0.000000000000000000e+00,0.000000000000000000e+00,0.000000000000000000e+00
8.524072780664419553e-04,4.249664124760425083e-04,3.182937418357655425e-04,2.003269335555626809e-04,1.384869881088147698e-04,1.430851592788221903e-04,1.524726102014849216e-04,8.194330179062502668e-05,8.911528131020851552e-05,9.797466766992726068e-05,1.046408203840318134e-04,0.000000000000000000e+00,0.000000000000000000e+00,0.000000000000000000e+00,0.000000000000000000e+00,0.000000000000000000e+00,0.000000000000000000e+00,0.000000000000000000e+00,0.000000000000000000e+00,0.000000000000000000e+00
5.327545487915262220e-05,6.070948749657750022e-05,6.365874836715309766e-05,6.677564451852089364e-05,6.924349405440738490e-05,7.154257963941109517e-05,7.623630510074246079e-05,8.194330179062502668e-05,8.911528131020851552e-05,9.797466766992726068e-05,1.046408203840318134e-04,0.000000000000000000e+00,0.000000000000000000e+00,0.000000000000000000e+00,0.000000000000000000e+00,0.000000000000000000e+00,0.000000000000000000e+00,0.000000000000000000e+00,0.000000000000000000e+00,0.000000000000000000e+00
5.327545487915262220e-05,6.070948749657750022e-05,6.365874836715309766e-05,6.677564451852089364e-05,6.924349405440738490e-05,7.154257963941109517e-05,7.623630510074246079e-05,8.194330179062502668e-05,8.911528131020851552e-05,9.797466766992726068e-05,1.046408203840318134e-04,0.000000000000000000e+00,0.000000000000000000e+00,0.000000000000000000e+00,0.000000000000000000e+00,0.000000000000000000e+00,0.000000000000000000e+00,0.000000000000000000e+00,0.000000000000000000e+00,0.000000000000000000e+00
5.327545487915262220e-05,6.070948749657750022e-05,6.365874836715309766e-05,6.677564451852089364e-05,6.924349405440738490e-05,7.154257963941109517e-05,7.623630510074246079e-05,8.194330179062502668e-05,8.911528131020851552e-05,9.797466766992726068e-05,1.046408203840318134e-04,0.000000000000000000e+00,0.000000000000000000e+00,0.000000000000000000e+00,0.000000000000000000e+00,0.000000000000000000e+00,0.000000000000000000e+00,0.000000000000000000e+00,0.000000000000000000e+00,0.000000000000000000e+00
0.000000000000000000e+00,0.000000000000000000e+00,0.000000000000000000e+00,0.000000000000000000e+00,2.077304821632221547e-04,7.154257963941109517e-05,1.524726102014849216e-04,2.458299053718751071e-04,8.911528131020851552e-05,0.000000000000000000e+00,0.000000000000000000e+00,0.000000000000000000e+00,0.000000000000000000e+00,0.000000000000000000e+00,0.000000000000000000e+00,0.000000000000000000e+00,0.000000000000000000e+00,0.000000000000000000e+00,0.000000000000000000e+00,0.000000000000000000e+00
2.131018195166104888e-04,0.000000000000000000e+00,1.273174967343061953e-04,1.335512890370417873e-04,0.000000000000000000e+00,0.000000000000000000e+00,0.000000000000000000e+00,0.000000000000000000e+00,0.000000000000000000e+00,0.000000000000000000e+00,0.000000000000000000e+00,0.000000000000000000e+00,0.000000000000000000e+00,0.000000000000000000e+00,0.000000000000000000e+00,0.000000000000000000e+00,0.000000000000000000e+00,0.000000000000000000e+00,0.000000000000000000e+00,0.000000000000000000e+00
2.663772743957630975e-04,0.000000000000000000e+00,1.273174967343061953e-04,6.677564451852089364e-05,0.000000000000000000e+00,0.000000000000000000e+00,0.000000000000000000e+00,0.000000000000000000e+00,0.000000000000000000e+00,0.000000000000000000e+00,0.000000000000000000e+00,0.000000000000000000e+00,0.000000000000000000e+00,0.000000000000000000e+00,0.000000000000000000e+00,0.000000000000000000e+00,0.000000000000000000e+00,0.000000000000000000e+00,0.000000000000000000e+00,0.000000000000000000e+00
