0.000000000000000000e+00,8.020658115707677283e+00,1.068739355358425236e+01,1.185277912693983637e+01,1.090855457702633302e+01,1.354014042160358500e+01,1.475065616797900248e+01,1.505328923190003643e+01,1.142995169082125528e+01,1.287394264493501161e+01,1.097393689986282617e+01,8.616187989556136628e+00,9.090909090909091717e+00,7.619047619047618625e+00,9.090909090909091717e+00,7.142857142857143238e+00,0.000000000000000000e+00,0.000000000000000000e+00,0.000000000000000000e+00
0.000000000000000000e+00,2.294066060969972981e-02,3.042812557659679493e-02,4.509061962026461590e-02,5.085629590465774036e-02,1.234405833679164538e-01,1.393992417614464907e+00,1.440646821021683177e+00,3.082125603864734220e+00,5.095935630286775542e+00,8.230452674897119181e+00,9.138381201044387225e+00,9.090909090909091717e+00,9.047619047619047450e+00,1.168831168831168910e+01,1.250000000000000000e+01,2.400000000000000000e+01,2.500000000000000000e+01,0.000000000000000000e+00
0.000000000000000000e+00,7.968507928590501166e+00,8.542904350713280692e+00,8.121182431915251243e+00,8.753730603481278294e+00,4.788139540792560211e+00,9.932925051035287112e+00,1.035648658581403936e+01,7.314009661835748410e+00,8.314421291520528001e+00,5.624142661179698521e+00,6.788511749347258650e+00,5.000000000000000000e+00,6.666666666666666963e+00,6.493506493506493449e+00,3.571428571428571619e+00,0.000000000000000000e+00,0.000000000000000000e+00,0.000000000000000000e+00
9.999989996397296466e+01,0.000000000000000000e+00,0.000000000000000000e+00,0.000000000000000000e+00,0.000000000000000000e+00,0.000000000000000000e+00,0.000000000000000000e+00,0.000000000000000000e+00,0.000000000000000000e+00,0.000000000000000000e+00,0.000000000000000000e+00,0.000000000000000000e+00,0.000000000000000000e+00,0.000000000000000000e+00,0.000000000000000000e+00,0.000000000000000000e+00,0.000000000000000000e+00,0.000000000000000000e+00,0.000000000000000000e+00
0.000000000000000000e+00,1.749521871903688464e+00,2.186478166432598069e+00,2.952809326521495414e+00,3.257785002792663587e+00,6.883241723340645102e+00,9.892096821230680348e+00,1.142962146269753809e+01,1.021256038647342912e+01,1.105838663090571572e+01,8.504801097393690057e+00,7.310704960835509247e+00,6.363636363636363313e+00,6.190476190476190688e+00,3.896103896103896069e+00,3.571428571428571619e+00,0.000000000000000000e+00,0.000000000000000000e+00,0.000000000000000000e+00
0.000000000000000000e+00,7.827034873870418075e+00,8.004724220834201986e+00,7.583991716686173667e+00,7.611438556164774383e+00,7.592548677513064170e+00,4.820647419072615847e+00,4.325615582506431522e+00,4.183574879227053067e+00,3.507324118011140968e+00,2.880658436213991980e+00,2.349869451697128131e+00,2.272727272727272929e+00,1.904761904761904656e+00,1.298701298701298690e+00,0.000000000000000000e+00,4.000000000000000000e+00,6.250000000000000000e+00,0.000000000000000000e+00
0.000000000000000000e+00,1.514693543949155105e-02,2.006961474201065035e-02,2.957332305341429241e-02,3.264152114324308379e-02,7.855309850685593398e-02,8.894721493146690028e-01,9.114296214626975701e-01,1.951690821256038655e+00,2.950278522797606939e+00,4.938271604938271331e+00,5.744125326370757456e+00,5.909090909090909172e+00,5.714285714285714413e+00,7.792207792207792139e+00,5.357142857142856762e+00,2.000000000000000000e+01,1.250000000000000000e+01,0.000000000000000000e+00
0.000000000000000000e+00,7.792268082458967626e+00,7.968330702857330472e+00,7.546972874652252194e+00,7.002291354187907046e+00,7.532628119891930929e+00,4.622338874307378553e+00,4.002205071664828750e+00,2.425120772946860015e+00,3.156591706210026604e+00,3.017832647462276974e+00,2.872062663185378728e+00,2.727272727272727071e+00,9.523809523809523281e-01,3.896103896103896069e+00,1.785714285714285809e+00,4.000000000000000000e+00,0.000000000000000000e+00,0.000000000000000000e+00
0.000000000000000000e+00,1.979368992901610724e+00,2.447984321653958073e+00,2.876614529477992566e+00,3.146803830905636978e+00,6.317701760775113584e+00,3.992417614464858655e+00,4.542447629547960553e+00,4.560386473429951515e+00,4.064369713224674996e+00,5.075445816186556769e+00,3.655352480417754624e+00,3.636363636363636243e+00,4.761904761904761862e+00,3.896103896103896069e+00,1.785714285714285809e+00,0.000000000000000000e+00,0.000000000000000000e+00,0.000000000000000000e+00
0.000000000000000000e+00,6.980907406478686461e+00,4.831181707239813328e+00,7.137121409276699247e+00,7.013574842978163915e+00,6.156572628797438718e+00,4.006999125109361515e+00,3.877251010657846386e+00,2.512077294685990392e+00,2.702702702702702631e+00,1.783264746227709141e+00,1.305483028720626715e+00,2.727272727272727071e+00,4.761904761904761640e-01,2.597402597402597380e+00,1.785714285714285809e+00,0.000000000000000000e+00,0.000000000000000000e+00,0.000000000000000000e+00
0.000000000000000000e+00,2.223075390397859508e+00,2.534366903078096200e+00,3.277837542950902794e+00,2.922665385722034603e+00,3.982705614323342136e+00,4.266550014581510730e+00,4.204336640940830705e+00,3.342995169082125795e+00,3.424798844646173013e+00,3.429355281207132844e+00,2.088772845953002832e+00,1.818181818181818121e+00,2.380952380952380931e+00,3.896103896103896069e+00,3.571428571428571619e+00,0.000000000000000000e+00,0.000000000000000000e+00,0.000000000000000000e+00
0.000000000000000000e+00,1.653184651647593428e+00,2.091679294955358870e+00,2.227741029541314255e+00,2.974488837808714425e+00,2.232305438161137801e+00,3.312919218431029655e+00,3.619992649761117232e+00,3.400966183574879231e+00,3.218485661233752904e+00,3.017832647462276974e+00,2.872062663185378728e+00,2.272727272727272929e+00,2.857142857142857206e+00,2.597402597402597380e+00,1.785714285714285809e+00,4.000000000000000000e+00,0.000000000000000000e+00,0.000000000000000000e+00
0.000000000000000000e+00,6.221120859668217484e+00,2.716242006258575259e+00,4.264890690039565335e+00,4.301830101285431418e+00,4.740711254901628813e+00,3.070866141732283339e+00,3.006247703050349163e+00,1.536231884057970953e+00,1.733030740664328384e+00,1.783264746227709141e+00,7.832898172323760067e-01,1.818181818181818121e+00,4.761904761904761640e-01,2.597402597402597380e+00,1.785714285714285809e+00,0.000000000000000000e+00,0.000000000000000000e+00,0.000000000000000000e+00
0.000000000000000000e+00,1.599509605257985800e+00,2.172420187442802852e+00,3.135328917978214669e+00,3.365139338997107377e+00,2.852896089707214866e+00,3.662875473899096068e+00,3.002572583608967172e+00,3.304347826086956541e+00,2.888384567773880640e+00,1.920438957475994579e+00,1.827676240208877312e+00,1.818181818181818121e+00,9.523809523809523281e-01,1.298701298701298690e+00,1.785714285714285809e+00,0.000000000000000000e+00,0.000000000000000000e+00,0.000000000000000000e+00
0.000000000000000000e+00,1.663452037415302509e-01,2.268236412662724688e-01,3.412413558916322365e-01,3.953250894014995742e-01,9.727033276024154018e-01,3.560804899387576494e+00,1.701580301359794101e+00,2.666666666666666519e+00,2.785227976067670586e+00,2.057613168724279795e+00,1.044386422976501416e+00,1.818181818181818121e+00,2.380952380952380931e+00,2.597402597402597380e+00,1.785714285714285809e+00,4.000000000000000000e+00,0.000000000000000000e+00,0.000000000000000000e+00
0.000000000000000000e+00,1.955140673350746150e+00,2.668148920240853705e+00,3.529175996760155698e+00,3.667456242227489671e+00,3.210513834661607557e+00,6.036745406824146620e-01,2.679162072767364844e+00,1.333333333333333259e+00,1.072828553744584301e+00,6.858710562414266354e-01,7.832898172323760067e-01,0.000000000000000000e+00,0.000000000000000000e+00,0.000000000000000000e+00,0.000000000000000000e+00,4.000000000000000000e+00,0.000000000000000000e+00,0.000000000000000000e+00
0.000000000000000000e+00,5.842108616064832560e+00,2.625928739919527466e+00,1.966034516590982051e+00,3.366428880573136606e+00,2.447003125185266637e+00,2.175561388159813259e+00,1.043733921352443916e+00,1.217391304347826164e+00,8.046214153084382259e-01,4.115226337448559812e-01,5.221932114882507081e-01,1.818181818181818121e+00,0.000000000000000000e+00,0.000000000000000000e+00,1.785714285714285809e+00,0.000000000000000000e+00,0.000000000000000000e+00,0.000000000000000000e+00
0.000000000000000000e+00,1.955140673350746150e+00,2.668148920240853705e+00,3.346656405303435999e+00,3.625384948309531730e+00,3.194845561644067633e+00,5.395158938466024789e-01,2.631385520029400737e+00,1.198067632850241537e+00,9.284093253558902692e-01,6.858710562414266354e-01,7.832898172323760067e-01,0.000000000000000000e+00,0.000000000000000000e+00,0.000000000000000000e+00,0.000000000000000000e+00,4.000000000000000000e+00,0.000000000000000000e+00,0.000000000000000000e+00
0.000000000000000000e+00,6.181440632823375081e-01,8.435712260916089500e-01,1.227536451730074196e+00,1.319604014020540728e+00,2.691555224310384187e+00,3.350831146106736824e+00,3.329658213891951490e+00,2.772946859903381522e+00,1.650505467299360429e+00,1.646090534979423925e+00,2.088772845953002832e+00,4.545454545454545303e-01,9.523809523809523281e-01,2.597402597402597380e+00,0.000000000000000000e+00,0.000000000000000000e+00,0.000000000000000000e+00,0.000000000000000000e+00
0.000000000000000000e+00,2.899265763317443234e+00,3.385660768943704824e+00,2.167133113354199558e+00,1.804874628350088051e+00,2.348123618439439841e+00,1.108194808982210455e+00,1.580301359794193283e+00,1.710144927536231929e+00,8.458840519909222033e-01,1.097393689986282617e+00,1.827676240208877312e+00,1.818181818181818121e+00,1.428571428571428603e+00,1.298701298701298690e+00,0.000000000000000000e+00,0.000000000000000000e+00,0.000000000000000000e+00,0.000000000000000000e+00
0.000000000000000000e+00,5.482106284724434175e+00,1.991701168060826754e+00,2.766740936298366371e+00,3.400440539640911197e+00,2.417148713084278366e+00,1.659375911344415311e+00,1.808158765159867620e+00,6.280193236714975979e-01,5.364142768722921506e-01,1.097393689986282617e+00,2.610966057441253541e-01,4.545454545454545303e-01,0.000000000000000000e+00,1.298701298701298690e+00,0.000000000000000000e+00,0.000000000000000000e+00,0.000000000000000000e+00,0.000000000000000000e+00
0.000000000000000000e+00,1.956868847192835714e+00,2.523314741964408192e+00,2.891783904597155619e+00,3.609265678609165029e+00,3.783887933735909037e+00,1.554389034703995254e+00,1.503123851525174581e+00,1.429951690821255950e+00,1.258510418815762311e+00,4.115226337448559812e-01,7.832898172323760067e-01,1.818181818181818121e+00,0.000000000000000000e+00,0.000000000000000000e+00,0.000000000000000000e+00,0.000000000000000000e+00,0.000000000000000000e+00,0.000000000000000000e+00
0.000000000000000000e+00,1.219887417945628204e-03,1.664760669844201528e-03,2.435450133810588939e-03,2.740275849062382384e-03,6.775469412990268829e-03,6.999125109361330199e-02,8.085262771040058194e-02,1.835748792270531504e-01,3.301010934598720969e-01,1.371742112482853271e+00,2.088772845953002832e+00,1.818181818181818121e+00,1.428571428571428603e+00,2.597402597402597380e+00,3.571428571428571619e+00,8.000000000000000000e+00,0.000000000000000000e+00,0.000000000000000000e+00
0.000000000000000000e+00,1.956563875338349412e+00,2.669952410966518475e+00,1.722489503209923223e+00,2.443923075621135865e+00,1.445080585739330736e+00,8.428113152522601625e-01,4.777655273796398427e-01,1.845410628019323651e+00,8.458840519909222033e-01,1.508916323731138487e+00,1.566579634464752013e+00,0.000000000000000000e+00,2.380952380952380931e+00,0.000000000000000000e+00,0.000000000000000000e+00,0.000000000000000000e+00,0.000000000000000000e+00,0.000000000000000000e+00
0.000000000000000000e+00,2.507173615732752658e+00,2.897007268992491280e+00,2.207004911259155655e+00,2.052063629205215012e+00,1.137431927705741419e+00,9.128025663458734229e-01,8.930540242557882813e-01,7.342995169082126017e-01,9.077780070146482805e-01,4.115226337448559812e-01,7.832898172323760067e-01,4.545454545454545303e-01,4.761904761904761640e-01,1.298701298701298690e+00,1.785714285714285809e+00,0.000000000000000000e+00,0.000000000000000000e+00,0.000000000000000000e+00
0.000000000000000000e+00,6.168564043411727260e-01,8.418139787178845479e-01,1.216124628245933037e+00,1.318072683399005962e+00,2.609402657677877269e+00,3.050452026829979513e+00,3.083425211319367865e+00,2.270531400966183444e+00,1.320404373839488388e+00,1.097393689986282617e+00,5.221932114882507081e-01,4.545454545454545303e-01,9.523809523809523281e-01,0.000000000000000000e+00,0.000000000000000000e+00,0.000000000000000000e+00,0.000000000000000000e+00,0.000000000000000000e+00
0.000000000000000000e+00,7.929268216646584086e-03,1.072845765010707608e-02,1.614355517268733012e-02,1.853716015542199863e-02,4.869868640586755976e-02,6.707494896471274393e-01,7.239985299522234685e-01,1.342995169082125573e+00,2.166288425830410702e+00,1.646090534979423925e+00,1.305483028720626715e+00,1.363636363636363535e+00,9.523809523809523281e-01,0.000000000000000000e+00,1.785714285714285809e+00,0.000000000000000000e+00,6.250000000000000000e+00,0.000000000000000000e+00
0.000000000000000000e+00,1.956529989576739625e+00,2.670044897670398765e+00,3.109373977980747217e+00,2.078257442468311567e+00,1.208786089961295218e+00,8.369787109944589742e-01,5.916942300624770112e-01,6.086956521739130821e-01,7.014648236022281713e-01,1.234567901234567833e+00,2.610966057441253541e-01,1.818181818181818121e+00,4.761904761904761640e-01,0.000000000000000000e+00,0.000000000000000000e+00,0.000000000000000000e+00,0.000000000000000000e+00,0.000000000000000000e+00
0.000000000000000000e+00,6.777152321920156810e-04,9.248670388023341824e-04,1.391685790748907903e-03,1.208945227527521678e-03,1.270400514935675351e-03,1.166520851560221700e-02,1.102535832414553406e-02,6.763285024154588876e-02,6.189395502372601471e-02,4.115226337448559812e-01,7.832898172323760067e-01,1.363636363636363535e+00,1.428571428571428603e+00,1.298701298701298690e+00,1.785714285714285809e+00,4.000000000000000000e+00,6.250000000000000000e+00,0.000000000000000000e+00
0.000000000000000000e+00,1.956563875338349412e+00,2.670091141022338910e+00,2.993724888769513370e+00,1.781421090936053941e+00,9.587289219381229799e-01,8.136482939632545541e-01,5.512679162072767758e-01,5.797101449275362528e-01,6.395708685785022052e-01,1.234567901234567833e+00,2.610966057441253541e-01,1.818181818181818121e+00,4.761904761904761640e-01,0.000000000000000000e+00,0.000000000000000000e+00,0.000000000000000000e+00,0.000000000000000000e+00,0.000000000000000000e+00
0.000000000000000000e+00,1.971236410115306370e+00,2.388607857762848230e+00,1.855604249095056391e+00,2.077773864377300495e+00,4.482396483531374543e-01,4.082822980460775741e-01,2.168320470415288359e-01,5.990338164251207687e-01,6.189395502372601054e-01,5.486968449931413083e-01,1.305483028720626715e+00,4.545454545454545303e-01,9.523809523809523281e-01,0.000000000000000000e+00,0.000000000000000000e+00,0.000000000000000000e+00,0.000000000000000000e+00,0.000000000000000000e+00
0.000000000000000000e+00,2.033145696576047097e-04,2.774601116407002547e-04,4.175057372246723493e-04,4.029817425091738927e-04,1.058667095779729532e-03,1.166520851560221700e-02,1.470047776552737932e-02,3.864734299516908028e-02,8.252527336496802424e-02,5.486968449931413083e-01,1.044386422976501416e+00,1.363636363636363535e+00,9.523809523809523281e-01,1.298701298701298690e+00,1.785714285714285809e+00,0.000000000000000000e+00,6.250000000000000000e+00,0.000000000000000000e+00
0.000000000000000000e+00,1.694288080480039203e-04,2.312167597005835456e-04,3.479214476872269758e-04,3.223853940073390816e-04,8.469336766237836036e-04,1.166520851560221700e-02,1.470047776552737932e-02,3.864734299516908028e-02,8.252527336496802424e-02,5.486968449931413083e-01,1.044386422976501416e+00,1.363636363636363535e+00,9.523809523809523281e-01,1.298701298701298690e+00,1.785714285714285809e+00,0.000000000000000000e+00,6.250000000000000000e+00,0.000000000000000000e+00
0.000000000000000000e+00,1.415679348525901604e+00,1.681639493302344190e+00,1.218838415537893516e+00,1.253273219203530742e+00,7.696509786318633806e-01,5.540974044911052276e-01,2.021315692760014826e-01,9.468599033816424981e-01,6.808335052609861826e-01,1.234567901234567833e+00,1.044386422976501416e+00,0.000000000000000000e+00,1.428571428571428603e+00,0.000000000000000000e+00,0.000000000000000000e+00,0.000000000000000000e+00,0.000000000000000000e+00,0.000000000000000000e+00
0.000000000000000000e+00,6.777152321920156539e-05,9.248670388023341824e-05,1.391685790748907741e-04,1.611926970036695408e-04,4.234668383118918018e-04,5.832604257801108499e-03,7.350238882763689661e-03,1.932367149758454014e-02,4.126263668248401212e-02,1.371742112482853271e-01,2.610966057441253541e-01,4.545454545454545303e-01,4.761904761904761640e-01,1.298701298701298690e+00,1.785714285714285809e+00,0.000000000000000000e+00,6.250000000000000000e+00,0.000000000000000000e+00
0.000000000000000000e+00,1.077567219185304910e-02,1.470538591695711404e-02,2.164071404614551636e-02,2.450128994455777129e-02,5.378028846561026116e-02,4.636920384951880858e-01,3.858875413450937319e-01,7.536231884057971175e-01,7.014648236022281713e-01,9.602194787379972896e-01,1.827676240208877312e+00,1.363636363636363535e+00,4.761904761904761640e-01,1.298701298701298690e+00,1.785714285714285809e+00,0.000000000000000000e+00,0.000000000000000000e+00,0.000000000000000000e+00
0.000000000000000000e+00,5.421721857536125231e-04,7.398936310418673459e-04,1.113348632599126193e-03,1.289541576029356327e-03,2.964267868183242775e-03,3.207932341790609848e-02,3.675119441381844571e-02,7.729468599033816056e-02,1.444192283886940320e-01,5.486968449931413083e-01,7.832898172323760067e-01,9.090909090909090606e-01,4.761904761904761640e-01,1.298701298701298690e+00,1.785714285714285809e+00,4.000000000000000000e+00,0.000000000000000000e+00,0.000000000000000000e+00
0.000000000000000000e+00,7.793725170208180494e-03,1.063597094622684321e-02,1.600438659361243937e-02,1.853716015542199863e-02,4.869868640586755976e-02,6.707494896471274393e-01,7.166482910694597086e-01,1.246376811594202882e+00,2.145657107489168602e+00,1.646090534979423925e+00,1.305483028720626715e+00,1.363636363636363535e+00,4.761904761904761640e-01,0.000000000000000000e+00,0.000000000000000000e+00,0.000000000000000000e+00,0.000000000000000000e+00,0.000000000000000000e+00
0.000000000000000000e+00,5.082864241440117337e-04,6.936502791017505826e-04,1.043764343061680819e-03,1.208945227527521678e-03,2.964267868183242775e-03,2.916302128900554250e-03,3.675119441381844831e-03,6.763285024154588876e-02,0.000000000000000000e+00,0.000000000000000000e+00,0.000000000000000000e+00,4.545454545454545303e-01,4.761904761904761640e-01,0.000000000000000000e+00,1.785714285714285809e+00,0.000000000000000000e+00,6.250000000000000000e+00,0.000000000000000000e+00
0.000000000000000000e+00,1.568673562193249049e+00,1.417959900539798701e+00,8.192854250138820182e-01,2.741081812547400687e-01,2.280368924309537360e-01,3.820355788859725599e-01,2.572583608967291546e-01,8.309178743961352920e-01,7.427274602847121487e-01,2.743484224965706542e-01,5.221932114882507081e-01,1.363636363636363535e+00,0.000000000000000000e+00,0.000000000000000000e+00,0.000000000000000000e+00,0.000000000000000000e+00,0.000000000000000000e+00,0.000000000000000000e+00
0.000000000000000000e+00,2.059508819108316402e+00,1.533568280390090521e+00,6.591719747882202052e-01,1.737173695608546842e+00,2.989675878481956040e-01,4.578594342373870085e-01,2.205071664829106881e-01,2.028985507246376940e-01,6.189395502372601471e-02,1.371742112482853271e-01,7.832898172323760067e-01,4.545454545454545303e-01,0.000000000000000000e+00,0.000000000000000000e+00,0.000000000000000000e+00,0.000000000000000000e+00,0.000000000000000000e+00,0.000000000000000000e+00
0.000000000000000000e+00,4.405149009248102089e-04,9.248670388023341824e-05,1.391685790748907741e-04,8.059634850183477041e-05,0.000000000000000000e+00,0.000000000000000000e+00,0.000000000000000000e+00,2.898550724637681195e-02,2.063131834124200606e-02,0.000000000000000000e+00,0.000000000000000000e+00,0.000000000000000000e+00,4.761904761904761640e-01,0.000000000000000000e+00,1.785714285714285809e+00,0.000000000000000000e+00,6.250000000000000000e+00,0.000000000000000000e+00
0.000000000000000000e+00,7.793725170208180494e-03,1.063597094622684321e-02,1.600438659361243937e-02,1.853716015542199863e-02,4.869868640586755976e-02,6.707494896471274393e-01,6.872473355384050020e-01,1.246376811594202882e+00,1.629874148958118329e+00,1.508916323731138487e+00,1.305483028720626715e+00,9.090909090909090606e-01,4.761904761904761640e-01,0.000000000000000000e+00,0.000000000000000000e+00,0.000000000000000000e+00,0.000000000000000000e+00,0.000000000000000000e+00
0.000000000000000000e+00,2.111218491324567292e+00,1.658980250851686877e+00,4.826366322317212632e-01,1.030263122898953831e+00,4.588263193109347604e-01,3.266258384368620482e-01,2.021315692760014826e-01,4.057971014492753881e-01,2.888384567773880640e-01,0.000000000000000000e+00,2.610966057441253541e-01,0.000000000000000000e+00,9.523809523809523281e-01,0.000000000000000000e+00,0.000000000000000000e+00,0.000000000000000000e+00,0.000000000000000000e+00,0.000000000000000000e+00
0.000000000000000000e+00,6.777152321920156539e-05,9.248670388023341824e-05,1.391685790748907741e-04,1.611926970036695408e-04,4.234668383118918018e-04,5.832604257801108499e-03,7.350238882763689661e-03,1.932367149758454014e-02,4.126263668248401212e-02,2.743484224965706542e-01,5.221932114882507081e-01,9.090909090909090606e-01,4.761904761904761640e-01,1.298701298701298690e+00,0.000000000000000000e+00,4.000000000000000000e+00,0.000000000000000000e+00,0.000000000000000000e+00
0.000000000000000000e+00,1.694288080480039203e-04,2.312167597005835456e-04,3.479214476872269758e-04,3.223853940073390816e-04,8.469336766237836036e-04,1.166520851560221700e-02,1.470047776552737932e-02,3.864734299516908028e-02,8.252527336496802424e-02,5.486968449931413083e-01,1.044386422976501416e+00,1.363636363636363535e+00,9.523809523809523281e-01,1.298701298701298690e+00,1.785714285714285809e+00,0.000000000000000000e+00,0.000000000000000000e+00,0.000000000000000000e+00
0.000000000000000000e+00,7.793725170208180494e-03,1.063597094622684321e-02,1.600438659361243937e-02,1.853716015542199863e-02,4.869868640586755976e-02,6.590842811315251737e-01,6.174200661521499489e-01,1.314009661835748854e+00,8.046214153084382259e-01,5.486968449931413083e-01,2.610966057441253541e-01,1.363636363636363535e+00,1.428571428571428603e+00,0.000000000000000000e+00,0.000000000000000000e+00,0.000000000000000000e+00,0.000000000000000000e+00,0.000000000000000000e+00
0.000000000000000000e+00,1.956597761099958976e+00,1.710865291728497883e+00,1.457164607203643936e+00,7.092478668161460338e-03,3.955180269833069584e-01,2.566345873432487878e-01,1.617052554208011639e-01,7.729468599033816056e-02,2.269445017536620701e-01,0.000000000000000000e+00,0.000000000000000000e+00,0.000000000000000000e+00,4.761904761904761640e-01,0.000000000000000000e+00,0.000000000000000000e+00,0.000000000000000000e+00,0.000000000000000000e+00,0.000000000000000000e+00
0.000000000000000000e+00,1.152115894726426625e-03,0.000000000000000000e+00,0.000000000000000000e+00,6.447707880146781633e-04,0.000000000000000000e+00,0.000000000000000000e+00,3.675119441381844831e-03,4.830917874396135209e-02,1.650505467299360485e-01,1.371742112482853271e-01,0.000000000000000000e+00,0.000000000000000000e+00,0.000000000000000000e+00,0.000000000000000000e+00,0.000000000000000000e+00,0.000000000000000000e+00,6.250000000000000000e+00,0.000000000000000000e+00
0.000000000000000000e+00,5.760579473632133126e-04,7.861369829819840008e-04,1.113348632599126193e-03,1.289541576029356327e-03,3.387734706495134415e-03,3.207932341790609848e-02,3.675119441381844571e-02,8.695652173913043237e-02,1.444192283886940320e-01,5.486968449931413083e-01,7.832898172323760067e-01,9.090909090909090606e-01,9.523809523809523281e-01,1.298701298701298690e+00,1.785714285714285809e+00,0.000000000000000000e+00,0.000000000000000000e+00,0.000000000000000000e+00
0.000000000000000000e+00,5.760579473632133126e-04,7.861369829819840008e-04,1.113348632599126193e-03,1.289541576029356327e-03,3.387734706495134415e-03,3.207932341790609848e-02,3.675119441381844571e-02,8.695652173913043237e-02,1.444192283886940320e-01,5.486968449931413083e-01,7.832898172323760067e-01,9.090909090909090606e-01,9.523809523809523281e-01,1.298701298701298690e+00,1.785714285714285809e+00,0.000000000000000000e+00,0.000000000000000000e+00,0.000000000000000000e+00
0.000000000000000000e+00,4.710120863734509195e-03,5.502958880873888223e-03,6.610507506057312216e-03,6.528304228648616932e-03,1.143360463442107816e-02,1.312335958005249326e-01,1.396545387725101062e-01,1.642512077294686068e-01,3.094697751186300527e-01,2.743484224965706542e-01,5.221932114882507081e-01,9.090909090909090606e-01,9.523809523809523281e-01,1.298701298701298690e+00,1.785714285714285809e+00,0.000000000000000000e+00,0.000000000000000000e+00,0.000000000000000000e+00
0.000000000000000000e+00,4.628795035871467456e-01,6.082388080683550635e-01,1.034927138290425264e+00,1.700582953388713944e-02,4.806348614839971861e-02,5.715952172645085705e-01,1.874310915104741015e-01,1.449275362318840576e+00,5.983082318960181167e-01,2.743484224965706542e-01,2.610966057441253541e-01,0.000000000000000000e+00,9.523809523809523281e-01,0.000000000000000000e+00,0.000000000000000000e+00,0.000000000000000000e+00,0.000000000000000000e+00,0.000000000000000000e+00
0.000000000000000000e+00,5.082864241440117337e-04,6.936502791017505826e-04,1.043764343061680819e-03,4.029817425091738927e-04,8.469336766237836036e-04,2.916302128900554250e-03,3.675119441381844831e-03,9.661835748792270070e-03,0.000000000000000000e+00,0.000000000000000000e+00,0.000000000000000000e+00,0.000000000000000000e+00,0.000000000000000000e+00,0.000000000000000000e+00,0.000000000000000000e+00,0.000000000000000000e+00,6.250000000000000000e+00,0.000000000000000000e+00
0.000000000000000000e+00,8.810298018496204179e-04,1.202327150443034329e-03,1.809191527973580144e-03,2.014908712545869247e-03,4.869868640586755802e-03,3.791192767570720351e-02,4.042631385520029097e-02,8.695652173913043237e-02,1.444192283886940320e-01,5.486968449931413083e-01,7.832898172323760067e-01,4.545454545454545303e-01,9.523809523809523281e-01,1.298701298701298690e+00,1.785714285714285809e+00,0.000000000000000000e+00,0.000000000000000000e+00,0.000000000000000000e+00
0.000000000000000000e+00,5.760579473632133126e-04,7.861369829819840008e-04,1.182932922136571783e-03,1.289541576029356327e-03,3.387734706495134415e-03,3.207932341790609848e-02,3.675119441381844571e-02,8.695652173913043237e-02,1.444192283886940320e-01,5.486968449931413083e-01,7.832898172323760067e-01,4.545454545454545303e-01,9.523809523809523281e-01,1.298701298701298690e+00,1.785714285714285809e+00,0.000000000000000000e+00,0.000000000000000000e+00,0.000000000000000000e+00
0.000000000000000000e+00,1.070790066863384730e-02,1.438168245337629637e-02,2.136237688799573486e-02,2.345353741403391826e-02,5.145122085489485519e-02,4.666083406240886799e-01,4.079382579933847897e-01,7.536231884057971175e-01,1.279141737157004410e+00,1.097393689986282617e+00,1.044386422976501416e+00,9.090909090909090606e-01,0.000000000000000000e+00,0.000000000000000000e+00,0.000000000000000000e+00,0.000000000000000000e+00,0.000000000000000000e+00,0.000000000000000000e+00
0.000000000000000000e+00,1.033515729092823916e-02,1.387300558203501295e-02,2.066653399262128113e-02,2.288936297452107485e-02,5.018082033995917984e-02,4.549431321084864144e-01,3.969128996692392608e-01,7.342995169082126017e-01,1.279141737157004410e+00,1.097393689986282617e+00,1.044386422976501416e+00,9.090909090909090606e-01,0.000000000000000000e+00,0.000000000000000000e+00,0.000000000000000000e+00,0.000000000000000000e+00,0.000000000000000000e+00,0.000000000000000000e+00
0.000000000000000000e+00,7.116009938016164705e-04,9.711103907424508373e-04,1.461270080286353277e-03,1.692523318538530219e-03,3.811201544807026054e-03,3.499562554680665100e-02,2.940095553105475865e-02,8.695652173913043237e-02,1.444192283886940320e-01,5.486968449931413083e-01,1.044386422976501416e+00,1.363636363636363535e+00,1.428571428571428603e+00,1.298701298701298690e+00,0.000000000000000000e+00,0.000000000000000000e+00,0.000000000000000000e+00,0.000000000000000000e+00
0.000000000000000000e+00,1.724107550696487856e-01,2.349162278557928862e-01,1.983152251817193734e-01,2.011684858605795878e-01,2.096160849643864399e-01,1.924759405074365770e-01,3.013597941933112700e-01,1.217391304347826164e+00,2.682071384361460753e-01,0.000000000000000000e+00,0.000000000000000000e+00,0.000000000000000000e+00,1.428571428571428603e+00,1.298701298701298690e+00,0.000000000000000000e+00,0.000000000000000000e+00,0.000000000000000000e+00,0.000000000000000000e+00
0.000000000000000000e+00,5.421721857536125231e-04,7.398936310418673459e-04,9.741800535242355541e-04,1.128348879025686813e-03,2.540801029871350702e-03,2.333041703120443400e-02,3.307607497243660738e-02,5.797101449275362389e-02,1.444192283886940320e-01,5.486968449931413083e-01,7.832898172323760067e-01,4.545454545454545303e-01,4.761904761904761640e-01,1.298701298701298690e+00,1.785714285714285809e+00,0.000000000000000000e+00,0.000000000000000000e+00,0.000000000000000000e+00
0.000000000000000000e+00,6.777152321920156539e-05,9.248670388023341824e-05,1.391685790748907741e-04,1.611926970036695408e-04,4.234668383118918018e-04,5.832604257801108499e-03,7.350238882763689661e-03,1.932367149758454014e-02,4.126263668248401212e-02,2.743484224965706542e-01,5.221932114882507081e-01,9.090909090909090606e-01,4.761904761904761640e-01,1.298701298701298690e+00,1.785714285714285809e+00,0.000000000000000000e+00,0.000000000000000000e+00,0.000000000000000000e+00
0.000000000000000000e+00,1.077567219185304910e-02,1.419670904561582889e-02,2.115362401938340048e-02,2.353413376253575551e-02,5.039255375911512458e-02,4.724409448818897572e-01,3.895626607864755564e-01,7.632850241545893200e-01,1.155353827109552256e+00,6.858710562414266354e-01,1.044386422976501416e+00,0.000000000000000000e+00,4.761904761904761640e-01,0.000000000000000000e+00,0.000000000000000000e+00,0.000000000000000000e+00,0.000000000000000000e+00,0.000000000000000000e+00
0.000000000000000000e+00,3.388576160960078270e-05,4.624335194011670912e-05,6.958428953744538704e-05,8.059634850183477041e-05,2.117334191559459009e-04,2.916302128900554250e-03,3.675119441381844831e-03,9.661835748792270070e-03,2.063131834124200606e-02,1.371742112482853271e-01,2.610966057441253541e-01,4.545454545454545303e-01,4.761904761904761640e-01,1.298701298701298690e+00,1.785714285714285809e+00,0.000000000000000000e+00,0.000000000000000000e+00,0.000000000000000000e+00
0.000000000000000000e+00,1.138358275512928675e+00,3.836348476952082254e-01,4.418602385627782431e-02,3.182749802337455081e-01,1.223819162721367232e-01,1.370662000583260376e-01,2.646085997794928590e-01,4.057971014492753881e-01,3.301010934598720969e-01,2.743484224965706542e-01,5.221932114882507081e-01,4.545454545454545303e-01,0.000000000000000000e+00,0.000000000000000000e+00,0.000000000000000000e+00,0.000000000000000000e+00,0.000000000000000000e+00,0.000000000000000000e+00
0.000000000000000000e+00,1.490973510822434520e-03,1.156083798502917674e-03,4.175057372246723493e-04,2.579083152058712653e-03,2.329067610715404666e-03,2.916302128900554250e-02,1.102535832414553406e-02,2.705314009661835550e-01,6.189395502372601471e-02,0.000000000000000000e+00,0.000000000000000000e+00,0.000000000000000000e+00,0.000000000000000000e+00,0.000000000000000000e+00,0.000000000000000000e+00,4.000000000000000000e+00,0.000000000000000000e+00,0.000000000000000000e+00
0.000000000000000000e+00,1.310125201111995263e+00,1.151921896828307146e+00,5.228563515843647203e-01,1.019543808548209890e-01,1.871723425338561730e-01,1.691455234762321291e-01,4.042631385520029097e-02,9.661835748792270070e-03,6.189395502372601471e-02,8.230452674897119625e-01,0.000000000000000000e+00,0.000000000000000000e+00,0.000000000000000000e+00,0.000000000000000000e+00,0.000000000000000000e+00,0.000000000000000000e+00,0.000000000000000000e+00,0.000000000000000000e+00
0.000000000000000000e+00,6.099437089728141021e-04,8.323803349221007642e-04,9.741800535242355541e-04,1.128348879025686813e-03,2.329067610715404666e-03,2.333041703120443400e-02,3.307607497243660738e-02,6.763285024154588876e-02,1.444192283886940320e-01,5.486968449931413083e-01,7.832898172323760067e-01,4.545454545454545303e-01,4.761904761904761640e-01,0.000000000000000000e+00,1.785714285714285809e+00,0.000000000000000000e+00,0.000000000000000000e+00,0.000000000000000000e+00
0.000000000000000000e+00,3.388576160960078270e-05,4.624335194011670912e-05,0.000000000000000000e+00,8.059634850183477041e-05,0.000000000000000000e+00,0.000000000000000000e+00,0.000000000000000000e+00,0.000000000000000000e+00,0.000000000000000000e+00,0.000000000000000000e+00,0.000000000000000000e+00,0.000000000000000000e+00,0.000000000000000000e+00,0.000000000000000000e+00,0.000000000000000000e+00,4.000000000000000000e+00,0.000000000000000000e+00,0.000000000000000000e+00
0.000000000000000000e+00,3.388576160960078270e-05,0.000000000000000000e+00,0.000000000000000000e+00,8.059634850183477041e-05,0.000000000000000000e+00,0.000000000000000000e+00,0.000000000000000000e+00,0.000000000000000000e+00,0.000000000000000000e+00,0.000000000000000000e+00,0.000000000000000000e+00,0.000000000000000000e+00,0.000000000000000000e+00,0.000000000000000000e+00,0.000000000000000000e+00,4.000000000000000000e+00,0.000000000000000000e+00,0.000000000000000000e+00
0.000000000000000000e+00,9.149155634592212073e-04,1.063597094622684364e-03,1.600438659361244024e-03,1.853716015542199950e-03,5.293335478898647875e-03,6.415864683581219696e-02,6.982726938625505309e-02,1.835748792270531504e-01,1.031565917062100268e-01,4.115226337448559812e-01,7.832898172323760067e-01,4.545454545454545303e-01,9.523809523809523281e-01,0.000000000000000000e+00,0.000000000000000000e+00,0.000000000000000000e+00,0.000000000000000000e+00,0.000000000000000000e+00
0.000000000000000000e+00,2.372003312672054992e-04,3.237034635808169638e-04,2.087528686123361747e-04,1.611926970036695408e-04,2.117334191559459009e-04,0.000000000000000000e+00,3.675119441381844831e-03,0.000000000000000000e+00,2.063131834124200606e-02,0.000000000000000000e+00,5.221932114882507081e-01,4.545454545454545303e-01,0.000000000000000000e+00,0.000000000000000000e+00,1.785714285714285809e+00,0.000000000000000000e+00,0.000000000000000000e+00,0.000000000000000000e+00
0.000000000000000000e+00,2.892149753379427146e-01,5.924698250567752567e-01,2.862001828675129200e-01,1.616762750946805494e-01,3.535948099904296510e-02,1.458151064450277090e-01,4.410143329658213623e-02,4.154589371980676460e-01,1.856818650711780372e-01,1.371742112482853271e-01,0.000000000000000000e+00,0.000000000000000000e+00,4.761904761904761640e-01,0.000000000000000000e+00,0.000000000000000000e+00,0.000000000000000000e+00,0.000000000000000000e+00,0.000000000000000000e+00
0.000000000000000000e+00,4.066291393152094195e-04,5.549202232814005094e-04,8.350114744493446987e-04,9.671561820220172991e-04,2.540801029871350702e-03,2.916302128900554250e-02,7.350238882763689661e-03,0.000000000000000000e+00,0.000000000000000000e+00,0.000000000000000000e+00,0.000000000000000000e+00,4.545454545454545303e-01,4.761904761904761640e-01,0.000000000000000000e+00,1.785714285714285809e+00,0.000000000000000000e+00,0.000000000000000000e+00,0.000000000000000000e+00
0.000000000000000000e+00,6.777152321920156539e-05,9.248670388023341824e-05,1.391685790748907741e-04,1.611926970036695408e-04,4.234668383118918018e-04,5.832604257801108499e-03,7.350238882763689661e-03,1.932367149758454014e-02,4.126263668248401212e-02,2.743484224965706542e-01,5.221932114882507081e-01,0.000000000000000000e+00,0.000000000000000000e+00,0.000000000000000000e+00,1.785714285714285809e+00,0.000000000000000000e+00,0.000000000000000000e+00,0.000000000000000000e+00
0.000000000000000000e+00,2.372003312672054992e-04,3.237034635808169638e-04,4.870900267621177770e-04,8.865598335201825423e-04,1.482133934091621388e-03,1.458151064450277125e-02,1.102535832414553406e-02,9.661835748792270070e-03,2.063131834124200606e-02,1.371742112482853271e-01,0.000000000000000000e+00,0.000000000000000000e+00,4.761904761904761640e-01,0.000000000000000000e+00,1.785714285714285809e+00,0.000000000000000000e+00,0.000000000000000000e+00,0.000000000000000000e+00
0.000000000000000000e+00,0.000000000000000000e+00,1.555903819377166819e+00,2.326898642132173844e-01,5.891593075484122255e-02,3.512657423797142520e-01,4.374453193350830854e-02,9.555310547592796300e-02,9.661835748792270070e-03,4.126263668248401212e-02,0.000000000000000000e+00,0.000000000000000000e+00,0.000000000000000000e+00,0.000000000000000000e+00,0.000000000000000000e+00,0.000000000000000000e+00,0.000000000000000000e+00,0.000000000000000000e+00,0.000000000000000000e+00
0.000000000000000000e+00,0.000000000000000000e+00,1.555903819377166819e+00,2.326898642132173844e-01,5.891593075484122255e-02,3.512657423797142520e-01,4.374453193350830854e-02,9.555310547592796300e-02,9.661835748792270070e-03,4.126263668248401212e-02,0.000000000000000000e+00,0.000000000000000000e+00,0.000000000000000000e+00,0.000000000000000000e+00,0.000000000000000000e+00,0.000000000000000000e+00,0.000000000000000000e+00,0.000000000000000000e+00,0.000000000000000000e+00
0.000000000000000000e+00,1.077567219185304910e-02,1.461289921307687943e-02,1.830066814834813843e-02,2.224459218650639766e-02,2.837227816689675067e-02,1.691455234762321291e-01,9.187798603454612467e-02,6.473429951690821138e-01,3.094697751186300527e-01,2.743484224965706542e-01,2.610966057441253541e-01,0.000000000000000000e+00,4.761904761904761640e-01,0.000000000000000000e+00,0.000000000000000000e+00,0.000000000000000000e+00,0.000000000000000000e+00,0.000000000000000000e+00
0.000000000000000000e+00,7.793725170208180494e-03,9.202427036083225820e-03,9.811384824779801131e-03,1.466853542733392857e-02,2.413760978377783167e-02,1.633129192184310241e-01,1.800808526277103971e-01,1.178743961352656910e+00,1.237879100474520294e-01,0.000000000000000000e+00,0.000000000000000000e+00,0.000000000000000000e+00,4.761904761904761640e-01,0.000000000000000000e+00,0.000000000000000000e+00,0.000000000000000000e+00,0.000000000000000000e+00,0.000000000000000000e+00
0.000000000000000000e+00,7.624296362160176872e-03,1.040475418652626015e-02,1.349935217026440593e-02,1.563569160935594782e-02,2.964267868183242602e-02,1.662292213473315905e-01,1.323042998897464295e-01,4.734299516908212491e-01,3.094697751186300527e-01,1.371742112482853271e-01,2.610966057441253541e-01,0.000000000000000000e+00,4.761904761904761640e-01,0.000000000000000000e+00,0.000000000000000000e+00,0.000000000000000000e+00,0.000000000000000000e+00,0.000000000000000000e+00
0.000000000000000000e+00,1.355430464384031308e-04,4.624335194011670912e-05,1.391685790748907741e-04,3.223853940073390816e-04,0.000000000000000000e+00,5.832604257801108499e-03,3.675119441381844831e-03,0.000000000000000000e+00,0.000000000000000000e+00,0.000000000000000000e+00,0.000000000000000000e+00,0.000000000000000000e+00,0.000000000000000000e+00,0.000000000000000000e+00,1.785714285714285809e+00,0.000000000000000000e+00,0.000000000000000000e+00,0.000000000000000000e+00
0.000000000000000000e+00,3.388576160960078270e-05,4.624335194011670912e-05,0.000000000000000000e+00,0.000000000000000000e+00,0.000000000000000000e+00,0.000000000000000000e+00,0.000000000000000000e+00,0.000000000000000000e+00,0.000000000000000000e+00,0.000000000000000000e+00,0.000000000000000000e+00,0.000000000000000000e+00,0.000000000000000000e+00,0.000000000000000000e+00,1.785714285714285809e+00,0.000000000000000000e+00,0.000000000000000000e+00,0.000000000000000000e+00
0.000000000000000000e+00,1.016572848288023549e-04,9.248670388023341824e-05,1.391685790748907741e-04,3.223853940073390816e-04,0.000000000000000000e+00,0.000000000000000000e+00,0.000000000000000000e+00,0.000000000000000000e+00,0.000000000000000000e+00,0.000000000000000000e+00,0.000000000000000000e+00,0.000000000000000000e+00,4.761904761904761640e-01,1.298701298701298690e+00,0.000000000000000000e+00,0.000000000000000000e+00,0.000000000000000000e+00,0.000000000000000000e+00
0.000000000000000000e+00,1.355430464384031308e-04,2.312167597005835456e-04,0.000000000000000000e+00,0.000000000000000000e+00,0.000000000000000000e+00,0.000000000000000000e+00,0.000000000000000000e+00,0.000000000000000000e+00,0.000000000000000000e+00,0.000000000000000000e+00,0.000000000000000000e+00,0.000000000000000000e+00,4.761904761904761640e-01,1.298701298701298690e+00,0.000000000000000000e+00,0.000000000000000000e+00,0.000000000000000000e+00,0.000000000000000000e+00
0.000000000000000000e+00,0.000000000000000000e+00,9.248670388023341824e-05,0.000000000000000000e+00,8.059634850183477041e-05,0.000000000000000000e+00,0.000000000000000000e+00,0.000000000000000000e+00,0.000000000000000000e+00,0.000000000000000000e+00,0.000000000000000000e+00,0.000000000000000000e+00,0.000000000000000000e+00,4.761904761904761640e-01,1.298701298701298690e+00,0.000000000000000000e+00,0.000000000000000000e+00,0.000000000000000000e+00,0.000000000000000000e+00
0.000000000000000000e+00,3.388576160960078514e-03,2.265924245065718910e-03,9.741800535242355541e-04,4.835780910110086712e-03,2.964267868183242775e-03,7.290755322251385451e-02,7.350238882763689661e-03,5.217391304347825942e-01,1.237879100474520294e-01,0.000000000000000000e+00,0.000000000000000000e+00,0.000000000000000000e+00,4.761904761904761640e-01,0.000000000000000000e+00,0.000000000000000000e+00,0.000000000000000000e+00,0.000000000000000000e+00,0.000000000000000000e+00
0.000000000000000000e+00,1.036904305253784006e-02,7.398936310418673459e-04,4.175057372246723493e-04,6.447707880146782283e-03,1.482133934091621388e-03,5.832604257801108499e-03,2.572583608967291338e-02,0.000000000000000000e+00,1.237879100474520294e-01,2.743484224965706542e-01,2.610966057441253541e-01,4.545454545454545303e-01,0.000000000000000000e+00,0.000000000000000000e+00,0.000000000000000000e+00,0.000000000000000000e+00,0.000000000000000000e+00,0.000000000000000000e+00
0.000000000000000000e+00,6.506066229043350711e-03,8.878723572502408151e-03,4.870900267621177770e-04,8.623809289696320393e-03,5.081602059742701405e-03,1.166520851560221700e-02,1.837559720690922285e-02,4.830917874396135209e-02,1.237879100474520294e-01,4.115226337448559812e-01,0.000000000000000000e+00,4.545454545454545303e-01,0.000000000000000000e+00,0.000000000000000000e+00,0.000000000000000000e+00,0.000000000000000000e+00,0.000000000000000000e+00,0.000000000000000000e+00
0.000000000000000000e+00,6.777152321920156539e-05,4.624335194011670912e-05,6.958428953744538704e-05,8.059634850183477041e-05,2.117334191559459009e-04,2.916302128900554250e-03,3.675119441381844831e-03,9.661835748792270070e-03,2.063131834124200606e-02,1.371742112482853271e-01,2.610966057441253541e-01,0.000000000000000000e+00,4.761904761904761640e-01,0.000000000000000000e+00,0.000000000000000000e+00,0.000000000000000000e+00,0.000000000000000000e+00,0.000000000000000000e+00
0.000000000000000000e+00,6.777152321920156539e-05,9.248670388023341824e-05,1.391685790748907741e-04,1.611926970036695408e-04,4.234668383118918018e-04,5.832604257801108499e-03,7.350238882763689661e-03,1.932367149758454014e-02,4.126263668248401212e-02,2.743484224965706542e-01,5.221932114882507081e-01,0.000000000000000000e+00,0.000000000000000000e+00,0.000000000000000000e+00,0.000000000000000000e+00,0.000000000000000000e+00,0.000000000000000000e+00,0.000000000000000000e+00
0.000000000000000000e+00,6.234980136166544396e-03,6.705286031316922551e-03,7.793440428193884432e-03,8.623809289696320393e-03,7.622403089614052107e-03,4.374453193350830854e-02,3.675119441381844831e-03,1.449275362318840632e-01,0.000000000000000000e+00,0.000000000000000000e+00,0.000000000000000000e+00,4.545454545454545303e-01,0.000000000000000000e+00,0.000000000000000000e+00,0.000000000000000000e+00,0.000000000000000000e+00,0.000000000000000000e+00,0.000000000000000000e+00
0.000000000000000000e+00,2.372003312672054992e-04,3.237034635808169638e-04,4.870900267621177770e-04,5.641744395128434064e-04,1.482133934091621388e-03,1.458151064450277125e-02,1.102535832414553406e-02,9.661835748792270070e-03,2.063131834124200606e-02,1.371742112482853271e-01,0.000000000000000000e+00,0.000000000000000000e+00,4.761904761904761640e-01,0.000000000000000000e+00,0.000000000000000000e+00,0.000000000000000000e+00,0.000000000000000000e+00,0.000000000000000000e+00
0.000000000000000000e+00,7.454867554112172600e-04,2.774601116407002547e-04,2.087528686123361747e-04,8.865598335201825423e-04,6.352002574678376756e-04,5.832604257801108499e-03,7.350238882763689661e-03,1.062801932367149760e-01,2.063131834124200606e-02,0.000000000000000000e+00,0.000000000000000000e+00,0.000000000000000000e+00,4.761904761904761640e-01,0.000000000000000000e+00,0.000000000000000000e+00,0.000000000000000000e+00,0.000000000000000000e+00,0.000000000000000000e+00
0.000000000000000000e+00,0.000000000000000000e+00,0.000000000000000000e+00,0.000000000000000000e+00,7.253671365165130286e-04,0.000000000000000000e+00,0.000000000000000000e+00,2.205071664829106812e-02,2.898550724637681195e-02,1.031565917062100268e-01,0.000000000000000000e+00,0.000000000000000000e+00,4.545454545454545303e-01,0.000000000000000000e+00,0.000000000000000000e+00,0.000000000000000000e+00,0.000000000000000000e+00,0.000000000000000000e+00,0.000000000000000000e+00
0.000000000000000000e+00,4.879549671782512817e-03,6.011635752215171644e-04,1.391685790748907741e-04,5.641744395128434064e-04,0.000000000000000000e+00,0.000000000000000000e+00,1.102535832414553406e-02,6.763285024154588876e-02,4.126263668248401212e-02,0.000000000000000000e+00,0.000000000000000000e+00,0.000000000000000000e+00,4.761904761904761640e-01,0.000000000000000000e+00,0.000000000000000000e+00,0.000000000000000000e+00,0.000000000000000000e+00,0.000000000000000000e+00
0.000000000000000000e+00,4.744006625344109984e-04,6.474069271616339277e-04,7.654271849118993252e-04,8.865598335201825423e-04,1.058667095779729532e-03,8.748906386701662749e-03,1.470047776552737932e-02,8.695652173913043237e-02,0.000000000000000000e+00,0.000000000000000000e+00,0.000000000000000000e+00,0.000000000000000000e+00,4.761904761904761640e-01,0.000000000000000000e+00,0.000000000000000000e+00,0.000000000000000000e+00,0.000000000000000000e+00,0.000000000000000000e+00
0.000000000000000000e+00,4.405149009248102089e-04,0.000000000000000000e+00,0.000000000000000000e+00,3.223853940073390816e-04,0.000000000000000000e+00,0.000000000000000000e+00,0.000000000000000000e+00,9.661835748792270070e-03,8.252527336496802424e-02,0.000000000000000000e+00,0.000000000000000000e+00,0.000000000000000000e+00,4.761904761904761640e-01,0.000000000000000000e+00,0.000000000000000000e+00,0.000000000000000000e+00,0.000000000000000000e+00,0.000000000000000000e+00
0.000000000000000000e+00,3.727433777056086300e-04,4.161901674610503821e-04,4.175057372246723493e-04,4.029817425091738927e-04,6.352002574678376756e-04,5.832604257801108499e-03,7.350238882763689661e-03,2.898550724637681195e-02,2.063131834124200606e-02,0.000000000000000000e+00,0.000000000000000000e+00,0.000000000000000000e+00,4.761904761904761640e-01,0.000000000000000000e+00,0.000000000000000000e+00,0.000000000000000000e+00,0.000000000000000000e+00,0.000000000000000000e+00
0.000000000000000000e+00,5.421721857536125231e-04,7.398936310418673459e-04,1.113348632599126193e-03,8.865598335201825423e-04,2.117334191559459063e-03,2.916302128900554250e-03,0.000000000000000000e+00,3.864734299516908028e-02,0.000000000000000000e+00,0.000000000000000000e+00,0.000000000000000000e+00,0.000000000000000000e+00,4.761904761904761640e-01,0.000000000000000000e+00,0.000000000000000000e+00,0.000000000000000000e+00,0.000000000000000000e+00,0.000000000000000000e+00
0.000000000000000000e+00,5.421721857536125231e-04,7.398936310418673459e-04,1.043764343061680819e-03,8.865598335201825423e-04,4.234668383118918018e-04,2.916302128900554250e-03,0.000000000000000000e+00,3.864734299516908028e-02,0.000000000000000000e+00,0.000000000000000000e+00,0.000000000000000000e+00,0.000000000000000000e+00,4.761904761904761640e-01,0.000000000000000000e+00,0.000000000000000000e+00,0.000000000000000000e+00,0.000000000000000000e+00,0.000000000000000000e+00
0.000000000000000000e+00,5.760579473632133126e-04,9.248670388023341824e-05,4.175057372246723493e-04,4.835780910110086496e-04,4.234668383118918018e-04,2.916302128900554250e-03,0.000000000000000000e+00,2.898550724637681195e-02,0.000000000000000000e+00,0.000000000000000000e+00,0.000000000000000000e+00,0.000000000000000000e+00,4.761904761904761640e-01,0.000000000000000000e+00,0.000000000000000000e+00,0.000000000000000000e+00,0.000000000000000000e+00,0.000000000000000000e+00
0.000000000000000000e+00,5.760579473632133126e-04,4.624335194011670912e-05,4.175057372246723493e-04,4.835780910110086496e-04,4.234668383118918018e-04,2.916302128900554250e-03,0.000000000000000000e+00,2.898550724637681195e-02,0.000000000000000000e+00,0.000000000000000000e+00,0.000000000000000000e+00,0.000000000000000000e+00,4.761904761904761640e-01,0.000000000000000000e+00,0.000000000000000000e+00,0.000000000000000000e+00,0.000000000000000000e+00,0.000000000000000000e+00
0.000000000000000000e+00,5.760579473632133126e-04,3.237034635808169638e-04,0.000000000000000000e+00,4.835780910110086496e-04,4.234668383118918018e-04,0.000000000000000000e+00,0.000000000000000000e+00,2.898550724637681195e-02,0.000000000000000000e+00,0.000000000000000000e+00,0.000000000000000000e+00,0.000000000000000000e+00,4.761904761904761640e-01,0.000000000000000000e+00,0.000000000000000000e+00,0.000000000000000000e+00,0.000000000000000000e+00,0.000000000000000000e+00
0.000000000000000000e+00,3.388576160960078270e-05,4.624335194011670912e-05,6.958428953744538704e-05,8.059634850183477041e-05,0.000000000000000000e+00,0.000000000000000000e+00,0.000000000000000000e+00,0.000000000000000000e+00,2.063131834124200606e-02,0.000000000000000000e+00,0.000000000000000000e+00,0.000000000000000000e+00,4.761904761904761640e-01,0.000000000000000000e+00,0.000000000000000000e+00,0.000000000000000000e+00,0.000000000000000000e+00,0.000000000000000000e+00
0.000000000000000000e+00,3.388576160960078270e-05,0.000000000000000000e+00,0.000000000000000000e+00,8.059634850183477041e-05,2.117334191559459009e-04,0.000000000000000000e+00,3.675119441381844831e-03,0.000000000000000000e+00,0.000000000000000000e+00,0.000000000000000000e+00,0.000000000000000000e+00,0.000000000000000000e+00,4.761904761904761640e-01,0.000000000000000000e+00,0.000000000000000000e+00,0.000000000000000000e+00,0.000000000000000000e+00,0.000000000000000000e+00
0.000000000000000000e+00,2.033145696576047097e-04,1.849734077604668365e-04,6.958428953744538704e-05,4.029817425091738927e-04,0.000000000000000000e+00,0.000000000000000000e+00,0.000000000000000000e+00,0.000000000000000000e+00,0.000000000000000000e+00,0.000000000000000000e+00,0.000000000000000000e+00,0.000000000000000000e+00,4.761904761904761640e-01,0.000000000000000000e+00,0.000000000000000000e+00,0.000000000000000000e+00,0.000000000000000000e+00,0.000000000000000000e+00
0.000000000000000000e+00,1.355430464384031308e-04,1.387300558203501274e-04,6.958428953744538704e-05,3.223853940073390816e-04,0.000000000000000000e+00,0.000000000000000000e+00,0.000000000000000000e+00,0.000000000000000000e+00,0.000000000000000000e+00,0.000000000000000000e+00,0.000000000000000000e+00,0.000000000000000000e+00,4.761904761904761640e-01,0.000000000000000000e+00,0.000000000000000000e+00,0.000000000000000000e+00,0.000000000000000000e+00,0.000000000000000000e+00
0.000000000000000000e+00,0.000000000000000000e+00,1.849734077604668365e-04,0.000000000000000000e+00,0.000000000000000000e+00,0.000000000000000000e+00,0.000000000000000000e+00,0.000000000000000000e+00,0.000000000000000000e+00,0.000000000000000000e+00,0.000000000000000000e+00,0.000000000000000000e+00,0.000000000000000000e+00,4.761904761904761640e-01,0.000000000000000000e+00,0.000000000000000000e+00,0.000000000000000000e+00,0.000000000000000000e+00,0.000000000000000000e+00
0.000000000000000000e+00,4.066291393152094195e-04,5.549202232814005094e-04,6.262586058370085782e-04,5.641744395128434064e-04,6.352002574678376756e-04,2.916302128900554250e-03,0.000000000000000000e+00,0.000000000000000000e+00,0.000000000000000000e+00,0.000000000000000000e+00,0.000000000000000000e+00,4.545454545454545303e-01,0.000000000000000000e+00,0.000000000000000000e+00,0.000000000000000000e+00,0.000000000000000000e+00,0.000000000000000000e+00,0.000000000000000000e+00
0.000000000000000000e+00,5.421721857536125231e-04,5.549202232814005094e-04,0.000000000000000000e+00,9.671561820220172991e-04,0.000000000000000000e+00,0.000000000000000000e+00,0.000000000000000000e+00,0.000000000000000000e+00,0.000000000000000000e+00,0.000000000000000000e+00,0.000000000000000000e+00,4.545454545454545303e-01,0.000000000000000000e+00,0.000000000000000000e+00,0.000000000000000000e+00,0.000000000000000000e+00,0.000000000000000000e+00,0.000000000000000000e+00
0.000000000000000000e+00,5.421721857536125231e-04,3.237034635808169638e-04,0.000000000000000000e+00,5.641744395128434064e-04,0.000000000000000000e+00,0.000000000000000000e+00,0.000000000000000000e+00,0.000000000000000000e+00,0.000000000000000000e+00,0.000000000000000000e+00,0.000000000000000000e+00,4.545454545454545303e-01,0.000000000000000000e+00,0.000000000000000000e+00,0.000000000000000000e+00,0.000000000000000000e+00,0.000000000000000000e+00,0.000000000000000000e+00
